 5.00000000e-08 -2.74708955e+02 
 1.00000000e-07 -2.74670245e+02 
 2.00000000e-07 -2.74591969e+02 
 4.00000000e-07 -2.74431642e+02 
 8.00000000e-07 -2.74111403e+02 
 1.60000000e-06 -2.73471939e+02 
 3.20000000e-06 -2.72197429e+02 
 5.00000000e-06 -2.70770622e+02 
 5.32000000e-06 -2.70517862e+02 
 5.96000000e-06 -2.70012803e+02 
 7.24000000e-06 -2.69005480e+02 
 9.80000000e-06 -2.67001952e+02 
 1.49200000e-05 -2.63038962e+02 
 2.49200000e-05 -2.55465105e+02 
 3.49200000e-05 -2.48106485e+02 
 4.49200000e-05 -2.40956875e+02 
 5.49200000e-05 -2.34010226e+02 
 6.49200000e-05 -2.27260666e+02 
 7.49200000e-05 -2.20702492e+02 
 8.49200000e-05 -2.14330166e+02 
 9.49200000e-05 -2.08138312e+02 
 1.04920000e-04 -2.02121708e+02 
 1.14920000e-04 -1.96275283e+02 
 1.24920000e-04 -1.90594113e+02 
 1.34920000e-04 -1.85073418e+02 
 1.44920000e-04 -1.79708554e+02 
 1.54920000e-04 -1.74495014e+02 
 1.64920000e-04 -1.69428418e+02 
 1.74920000e-04 -1.64504517e+02 
 1.84920000e-04 -1.59719181e+02 
 1.94920000e-04 -1.55068403e+02 
 2.04920000e-04 -1.50548289e+02 
 2.14920000e-04 -1.46155060e+02 
 2.24920000e-04 -1.41885046e+02 
 2.34920000e-04 -1.37734683e+02 
 2.44920000e-04 -1.33700509e+02 
 2.54920000e-04 -1.29779163e+02 
 2.64920000e-04 -1.25967383e+02 
 2.74920000e-04 -1.22261999e+02 
 2.84920000e-04 -1.18659934e+02 
 2.94920000e-04 -1.15158201e+02 
 3.04920000e-04 -1.11753897e+02 
 3.14920000e-04 -1.08444205e+02 
 3.24920000e-04 -1.05226389e+02 
 3.34920000e-04 -1.02097792e+02 
 3.44920000e-04 -9.90558353e+01 
 3.54920000e-04 -9.60980130e+01 
 3.64920000e-04 -9.32218929e+01 
 3.74920000e-04 -9.04251130e+01 
 3.84920000e-04 -8.77053796e+01 
 3.94920000e-04 -8.50604657e+01 
 4.04920000e-04 -8.24882086e+01 
 4.14920000e-04 -7.99865083e+01 
 4.24920000e-04 -7.75533258e+01 
 4.34920000e-04 -7.51866810e+01 
 4.44920000e-04 -7.28846512e+01 
 4.54920000e-04 -7.06453696e+01 
 4.64920000e-04 -6.84670232e+01 
 4.74920000e-04 -6.63478519e+01 
 4.84920000e-04 -6.42861464e+01 
 4.94920000e-04 -6.22802470e+01 
 5.04920000e-04 -6.03285421e+01 
 5.14920000e-04 -5.84294669e+01 
 5.24920000e-04 -5.65815019e+01 
 5.34920000e-04 -5.47831718e+01 
 5.44920000e-04 -5.30330441e+01 
 5.54920000e-04 -5.13297276e+01 
 5.64920000e-04 -4.96718719e+01 
 5.74920000e-04 -4.80581654e+01 
 5.84920000e-04 -4.64873349e+01 
 5.94920000e-04 -4.49581439e+01 
 6.04920000e-04 -4.34693920e+01 
 6.14920000e-04 -4.20199137e+01 
 6.24920000e-04 -4.06085772e+01 
 6.34920000e-04 -3.92342839e+01 
 6.44920000e-04 -3.78959669e+01 
 6.54920000e-04 -3.65925904e+01 
 6.64920000e-04 -3.53231489e+01 
 6.74920000e-04 -3.40866660e+01 
 6.84920000e-04 -3.28821940e+01 
 6.94920000e-04 -3.17088127e+01 
 7.04920000e-04 -3.05656287e+01 
 7.14920000e-04 -2.94517750e+01 
 7.24920000e-04 -2.83664096e+01 
 7.34920000e-04 -2.73087154e+01 
 7.44920000e-04 -2.62778992e+01 
 7.54920000e-04 -2.52731912e+01 
 7.64920000e-04 -2.42938441e+01 
 7.74920000e-04 -2.33391327e+01 
 7.84920000e-04 -2.24083533e+01 
 7.94920000e-04 -2.15008231e+01 
 8.04920000e-04 -2.06158794e+01 
 8.14920000e-04 -1.97528794e+01 
 8.24920000e-04 -1.89111996e+01 
 8.34920000e-04 -1.80902353e+01 
 8.44920000e-04 -1.72894001e+01 
 8.54920000e-04 -1.65081255e+01 
 8.64920000e-04 -1.57458604e+01 
 8.74920000e-04 -1.50020710e+01 
 8.84920000e-04 -1.42762403e+01 
 8.94920000e-04 -1.35678676e+01 
 9.04920000e-04 -1.28764688e+01 
 9.14920000e-04 -1.22015756e+01 
 9.24920000e-04 -1.15427358e+01 
 9.34920000e-04 -1.08995130e+01 
 9.44920000e-04 -1.02714868e+01 
 9.54920000e-04 -9.65825285e+00 
 9.64920000e-04 -9.05942333e+00 
 9.74920000e-04 -8.47462727e+00 
 9.84920000e-04 -7.90351147e+00 
 9.94920000e-04 -7.34574152e+00 
 1.00492000e-03 -6.80100350e+00 
 1.01492000e-03 -6.26900619e+00 
 1.02492000e-03 -5.74948428e+00 
 1.03492000e-03 -5.24220307e+00 
 1.04492000e-03 -4.74696504e+00 
 1.05492000e-03 -4.26361984e+00 
 1.06492000e-03 -3.79207916e+00 
 1.07492000e-03 -3.33234017e+00 
 1.08492000e-03 -2.88452327e+00 
 1.09492000e-03 -2.44893612e+00 
 1.10492000e-03 -2.02618833e+00 
 1.11492000e-03 -1.61741108e+00 
 1.12492000e-03 -1.22471578e+00 
 1.13492000e-03 -8.52258826e-01 
 1.14492000e-03 -5.09051786e-01 
 1.15492000e-03 -2.22294076e-01 
 1.16492000e-03 -4.71085133e-02 
 1.17492000e-03 -4.27369922e-03 
 1.18492000e-03 -3.70304515e-04 
 1.19492000e-03 -1.54947728e-04 
 1.20492000e-03 -1.52314430e-04 
 1.21492000e-03 -1.51764505e-04 
 1.22492000e-03 -1.51218502e-04 
 1.23492000e-03 -1.50668192e-04 
 1.24492000e-03 -1.50113562e-04 
 1.25492000e-03 -1.49554624e-04 
 1.26492000e-03 -1.48991384e-04 
 1.27492000e-03 -1.48423853e-04 
 1.28492000e-03 -1.47852037e-04 
 1.29492000e-03 -1.47275948e-04 
 1.30492000e-03 -1.46695588e-04 
 1.31492000e-03 -1.46110973e-04 
 1.32492000e-03 -1.45522108e-04 
 1.33492000e-03 -1.44929003e-04 
 1.34492000e-03 -1.44331663e-04 
 1.35492000e-03 -1.43730102e-04 
 1.36492000e-03 -1.43124327e-04 
 1.37492000e-03 -1.42514346e-04 
 1.38492000e-03 -1.41900165e-04 
 1.39492000e-03 -1.41281802e-04 
 1.40492000e-03 -1.40659259e-04 
 1.41492000e-03 -1.40032547e-04 
 1.42492000e-03 -1.39401676e-04 
 1.43492000e-03 -1.38766652e-04 
 1.44492000e-03 -1.38127491e-04 
 1.45492000e-03 -1.37484196e-04 
 1.46492000e-03 -1.36836781e-04 
 1.47492000e-03 -1.36185252e-04 
 1.48492000e-03 -1.35529621e-04 
 1.49492000e-03 -1.34869900e-04 
 1.50492000e-03 -1.34206093e-04 
 1.51492000e-03 -1.33538212e-04 
 1.52492000e-03 -1.32866271e-04 
 1.53492000e-03 -1.32190270e-04 
 1.54492000e-03 -1.31510234e-04 
 1.55492000e-03 -1.30826160e-04 
 1.56492000e-03 -1.30138060e-04 
 1.57492000e-03 -1.29445952e-04 
 1.58492000e-03 -1.28749836e-04 
 1.59492000e-03 -1.28049731e-04 
 1.60492000e-03 -1.27345642e-04 
 1.61492000e-03 -1.26637581e-04 
 1.62492000e-03 -1.25925562e-04 
 1.63492000e-03 -1.25209587e-04 
 1.64492000e-03 -1.24489675e-04 
 1.65492000e-03 -1.23765832e-04 
 1.66492000e-03 -1.23038071e-04 
 1.67492000e-03 -1.22306398e-04 
 1.68492000e-03 -1.21570831e-04 
 1.69492000e-03 -1.20831378e-04 
 1.70492000e-03 -1.20088050e-04 
 1.71492000e-03 -1.19340854e-04 
 1.72492000e-03 -1.18589807e-04 
 1.73492000e-03 -1.17834916e-04 
 1.74492000e-03 -1.17076196e-04 
 1.75492000e-03 -1.16313652e-04 
 1.76492000e-03 -1.15547301e-04 
 1.77492000e-03 -1.14777153e-04 
 1.78492000e-03 -1.14003218e-04 
 1.79492000e-03 -1.13225508e-04 
 1.80492000e-03 -1.12444035e-04 
 1.81492000e-03 -1.11658810e-04 
 1.82492000e-03 -1.10869847e-04 
 1.83492000e-03 -1.10077152e-04 
 1.84492000e-03 -1.09280743e-04 
 1.85492000e-03 -1.08480629e-04 
 1.86492000e-03 -1.07676819e-04 
 1.87492000e-03 -1.06869333e-04 
 1.88492000e-03 -1.06058171e-04 
 1.89492000e-03 -1.05243357e-04 
 1.90492000e-03 -1.04424895e-04 
 1.91492000e-03 -1.03602803e-04 
 1.92492000e-03 -1.02777087e-04 
 1.93492000e-03 -1.01947765e-04 
 1.94492000e-03 -1.01114845e-04 
 1.95492000e-03 -1.00278341e-04 
 1.96492000e-03 -9.94382626e-05 
 1.97492000e-03 -9.85946289e-05 
 1.98492000e-03 -9.77474483e-05 
 1.99492000e-03 -9.68967320e-05 
 2.00492000e-03 -9.60424935e-05 
 2.01492000e-03 -9.51847470e-05 
 2.02492000e-03 -9.43235064e-05 
 2.03492000e-03 -9.34587798e-05 
 2.04492000e-03 -9.25905823e-05 
 2.05492000e-03 -9.17189299e-05 
 2.06492000e-03 -9.08438302e-05 
 2.07492000e-03 -8.99653012e-05 
 2.08492000e-03 -8.90833522e-05 
 2.09492000e-03 -8.81979998e-05 
 2.10492000e-03 -8.73092527e-05 
 2.11492000e-03 -8.64171294e-05 
 2.12492000e-03 -8.55216374e-05 
 2.13492000e-03 -8.46227949e-05 
 2.14492000e-03 -8.37206132e-05 
 2.15492000e-03 -8.28151053e-05 
 2.16492000e-03 -8.19062854e-05 
 2.17492000e-03 -8.09941679e-05 
 2.18492000e-03 -8.00787658e-05 
 2.19492000e-03 -7.91600933e-05 
 2.20492000e-03 -7.82381651e-05 
 2.21492000e-03 -7.73129940e-05 
 2.22492000e-03 -7.63845908e-05 
 2.23492000e-03 -7.54529734e-05 
 2.24492000e-03 -7.45181532e-05 
 2.25492000e-03 -7.35801499e-05 
 2.26492000e-03 -7.26389692e-05 
 2.27492000e-03 -7.16946351e-05 
 2.28492000e-03 -7.07471513e-05 
 2.29492000e-03 -6.97965414e-05 
 2.30492000e-03 -6.88428128e-05 
 2.31492000e-03 -6.78859852e-05 
 2.32492000e-03 -6.69260717e-05 
 2.33492000e-03 -6.59630844e-05 
 2.34492000e-03 -6.49970419e-05 
 2.35492000e-03 -6.40279557e-05 
 2.36492000e-03 -6.30558440e-05 
 2.37492000e-03 -6.20807201e-05 
 2.38492000e-03 -6.11025966e-05 
 2.39492000e-03 -6.01214933e-05 
 2.40492000e-03 -5.91374249e-05 
 2.41492000e-03 -5.81504008e-05 
 2.42492000e-03 -5.71604448e-05 
 2.43492000e-03 -5.61675641e-05 
 2.44492000e-03 -5.51717841e-05 
 2.45492000e-03 -5.41731114e-05 
 2.46492000e-03 -5.31715676e-05 
 2.47492000e-03 -5.21671661e-05 
 2.48492000e-03 -5.11599249e-05 
 2.49492000e-03 -5.01498580e-05 
 2.50492000e-03 -4.91369832e-05 
 2.51492000e-03 -4.81213170e-05 
 2.52492000e-03 -4.71028787e-05 
 2.53492000e-03 -4.60816800e-05 
 2.54492000e-03 -4.50577422e-05 
 2.55492000e-03 -4.40310817e-05 
 2.56492000e-03 -4.30017133e-05 
 2.57492000e-03 -4.19696596e-05 
 2.58492000e-03 -4.09349356e-05 
 2.59492000e-03 -3.98975613e-05 
 2.60492000e-03 -3.88575521e-05 
 2.61492000e-03 -3.78149302e-05 
 2.62492000e-03 -3.67697150e-05 
 2.63492000e-03 -3.57219273e-05 
 2.64492000e-03 -3.46715825e-05 
 2.65492000e-03 -3.36187034e-05 
 2.66492000e-03 -3.25633162e-05 
 2.67492000e-03 -3.15054351e-05 
 2.68492000e-03 -3.04450896e-05 
 2.69492000e-03 -2.93822992e-05 
 2.70492000e-03 -2.83170893e-05 
 2.71492000e-03 -2.72494853e-05 
 2.72492000e-03 -2.61795191e-05 
 2.73492000e-03 -2.51072101e-05 
 2.74492000e-03 -2.40325967e-05 
 2.75492000e-03 -2.29557058e-05 
 2.76492000e-03 -2.18765773e-05 
 2.77492000e-03 -2.07952440e-05 
 2.78492000e-03 -1.97117470e-05 
 2.79492000e-03 -1.86261364e-05 
 2.80492000e-03 -1.75384629e-05 
 2.81492000e-03 -1.64487819e-05 
 2.82492000e-03 -1.53571597e-05 
 2.83492000e-03 -1.42636784e-05 
 2.84492000e-03 -1.31684296e-05 
 2.85492000e-03 -1.20715252e-05 
 2.86492000e-03 -1.09731114e-05 
 2.87492000e-03 -9.87336618e-06 
 2.88492000e-03 -8.77252728e-06 
 2.89492000e-03 -7.67092649e-06 
 2.90492000e-03 -6.56903501e-06 
 2.91492000e-03 -5.46757055e-06 
 2.92492000e-03 -4.36770215e-06 
 2.93492000e-03 -3.27157061e-06 
 2.94492000e-03 -2.18369124e-06 
 2.95492000e-03 -1.11627529e-06 
 2.96492000e-03 -1.21292331e-07 
 2.97492000e-03  3.20155102e-07 
 2.98492000e-03 -1.43963064e-10 
 2.99492000e-03 -1.45519152e-10 
 3.00492000e-03 -1.44446233e-10 
 3.01492000e-03 -1.43060674e-10 
 3.02492000e-03 -1.41774592e-10 
 3.03492000e-03 -1.40715883e-10 
 3.04492000e-03 -1.39642964e-10 
 3.05492000e-03 -1.38562939e-10 
 3.06492000e-03 -1.37355016e-10 
 3.07492000e-03 -1.36168410e-10 
 3.08492000e-03 -1.35074174e-10 
 3.09492000e-03 -1.33830724e-10 
 3.10492000e-03 -1.32700961e-10 
 3.11492000e-03 -1.31478828e-10 
 3.12492000e-03 -1.30278011e-10 
 3.13492000e-03 -1.29183775e-10 
 3.14492000e-03 -1.27919009e-10 
 3.15492000e-03 -1.26760824e-10 
 3.16492000e-03 -1.25613298e-10 
 3.17492000e-03 -1.24387611e-10 
 3.18492000e-03 -1.23172583e-10 
 3.19492000e-03 -1.22007293e-10 
 3.20492000e-03 -1.20785160e-10 
 3.21492000e-03 -1.19559473e-10 
 3.22492000e-03 -1.18383525e-10 
 3.23492000e-03 -1.17122312e-10 
 3.24492000e-03 -1.15953469e-10 
 3.25492000e-03 -1.14781074e-10 
 3.26492000e-03 -1.13530518e-10 
 3.27492000e-03 -1.12361676e-10 
 3.28492000e-03 -1.11143095e-10 
 3.29492000e-03 -1.09885434e-10 
 3.30492000e-03 -1.08720144e-10 
 3.31492000e-03 -1.07476694e-10 
 3.32492000e-03 -1.06290088e-10 
 3.33492000e-03 -1.05021769e-10 
 3.34492000e-03 -1.03799636e-10 
 3.35492000e-03 -1.02613029e-10 
 3.36492000e-03 -1.01362474e-10 
 3.37492000e-03 -1.00150999e-10 
 3.38492000e-03 -9.88862325e-11 
 3.39492000e-03 -9.77031789e-11 
 3.40492000e-03 -9.64632818e-11 
 3.41492000e-03 -9.52127266e-11 
 3.42492000e-03 -9.39621714e-11 
 3.43492000e-03 -9.27791177e-11 
 3.44492000e-03 -9.15036935e-11 
 3.45492000e-03 -9.02780073e-11 
 3.46492000e-03 -8.90523211e-11 
 3.47492000e-03 -8.77911077e-11 
 3.48492000e-03 -8.65547634e-11 
 3.49492000e-03 -8.53397353e-11 
 3.50492000e-03 -8.40785219e-11 
 3.51492000e-03 -8.28102031e-11 
 3.52492000e-03 -8.15951751e-11 
 3.53492000e-03 -8.03410671e-11 
 3.54492000e-03 -7.90834065e-11 
 3.55492000e-03 -7.78612730e-11 
 3.56492000e-03 -7.65751906e-11 
 3.57492000e-03 -7.53388463e-11 
 3.58492000e-03 -7.41025019e-11 
 3.59492000e-03 -7.28270777e-11 
 3.60492000e-03 -7.15907333e-11 
 3.61492000e-03 -7.03153091e-11 
 3.62492000e-03 -6.90434376e-11 
 3.63492000e-03 -6.78106460e-11 
 3.64492000e-03 -6.65423272e-11 
 3.65492000e-03 -6.52988774e-11 
 3.66492000e-03 -6.40270059e-11 
 3.67492000e-03 -6.27551344e-11 
 3.68492000e-03 -6.15010265e-11 
 3.69492000e-03 -6.02540240e-11 
 3.70492000e-03 -5.89608362e-11 
 3.71492000e-03 -5.77102810e-11 
 3.72492000e-03 -5.64419622e-11 
 3.73492000e-03 -5.51914070e-11 
 3.74492000e-03 -5.39071010e-11 
 3.75492000e-03 -5.26512167e-11 
 3.76492000e-03 -5.13686871e-11 
 3.77492000e-03 -5.01128028e-11 
 3.78492000e-03 -4.88409313e-11 
 3.79492000e-03 -4.75601780e-11 
 3.80492000e-03 -4.63025174e-11 
 3.81492000e-03 -4.50235405e-11 
 3.82492000e-03 -4.37498926e-11 
 3.83492000e-03 -4.24744684e-11 
 3.84492000e-03 -4.11972678e-11 
 3.85492000e-03 -3.99342781e-11 
 3.86492000e-03 -3.86428667e-11 
 3.87492000e-03 -3.73852060e-11 
 3.88492000e-03 -3.61009000e-11 
 3.89492000e-03 -3.48272522e-11 
 3.90492000e-03 -3.35447226e-11 
 3.91492000e-03 -3.22675220e-11 
 3.92492000e-03 -3.09823278e-11 
 3.93492000e-03 -2.97069036e-11 
 3.94492000e-03 -2.84403612e-11 
 3.95492000e-03 -2.71542788e-11 
 3.96492000e-03 -2.58708610e-11 
 3.97492000e-03 -2.45945486e-11 
 3.98492000e-03 -2.33120190e-11 
 3.99492000e-03 -2.20321539e-11 
 4.00492000e-03 -2.07514006e-11 
 4.01492000e-03 -1.94662064e-11 
 4.02492000e-03 -1.81898940e-11 
 4.03492000e-03 -1.69020353e-11 
 4.04492000e-03 -1.56261670e-11 
 4.05492000e-03 -1.43409729e-11 
 4.06492000e-03 -1.30575550e-11 
 4.07492000e-03 -1.17794663e-11 
 4.08492000e-03 -1.04947162e-11 
 4.09492000e-03 -9.20818977e-12 
 4.10492000e-03 -7.92677035e-12 
 4.11492000e-03 -6.64335253e-12 
 4.12492000e-03 -5.35793632e-12 
 4.13492000e-03 -4.07540668e-12 
 4.14492000e-03 -2.79209988e-12 
 4.15492000e-03 -1.50784940e-12 
 4.16492000e-03 -2.24174845e-13 
 4.17492000e-03  1.05976339e-12 
 4.18492000e-03  2.34356978e-12 
 4.19492000e-03  3.62743169e-12 
 4.20492000e-03  4.91140462e-12 
 4.21492000e-03  6.19304608e-12 
 4.22492000e-03  7.47735207e-12 
 4.23492000e-03  8.75965966e-12 
 4.24492000e-03  1.00435216e-11 
 4.25492000e-03  1.13287157e-11 
 4.26492000e-03  1.26103572e-11 
 4.27492000e-03  1.38919987e-11 
 4.28492000e-03  1.51807455e-11 
 4.29492000e-03  1.64570579e-11 
 4.30492000e-03  1.77413639e-11 
 4.31492000e-03  1.90203409e-11 
 4.32492000e-03  2.03126405e-11 
 4.33492000e-03  2.15836238e-11 
 4.34492000e-03  2.28661534e-11 
 4.35492000e-03  2.41513476e-11 
 4.36492000e-03  2.54232191e-11 
 4.37492000e-03  2.67164069e-11 
 4.38492000e-03  2.79891665e-11 
 4.39492000e-03  2.92708080e-11 
 4.40492000e-03  3.05551140e-11 
 4.41492000e-03  3.18163274e-11 
 4.42492000e-03  3.31112915e-11 
 4.43492000e-03  3.43813866e-11 
 4.44492000e-03  3.56621399e-11 
 4.45492000e-03  3.69411168e-11 
 4.46492000e-03  3.82200938e-11 
 4.47492000e-03  3.94795308e-11 
 4.48492000e-03  4.07567313e-11 
 4.49492000e-03  4.20445900e-11 
 4.50492000e-03  4.33004743e-11 
 4.51492000e-03  4.45794512e-11 
 4.52492000e-03  4.58655336e-11 
 4.53492000e-03  4.71196415e-11 
 4.54492000e-03  4.83897367e-11 
 4.55492000e-03  4.96687136e-11 
 4.56492000e-03  5.09459142e-11 
 4.57492000e-03  5.21982457e-11 
 4.58492000e-03  5.34701172e-11 
 4.59492000e-03  5.47366596e-11 
 4.60492000e-03  5.60120839e-11 
 4.61492000e-03  5.72590864e-11 
 4.62492000e-03  5.85345106e-11 
 4.63492000e-03  5.97957239e-11 
 4.64492000e-03  6.10551609e-11 
 4.65492000e-03  6.23199270e-11 
 4.66492000e-03  6.36077857e-11 
 4.67492000e-03  6.48370246e-11 
 4.68492000e-03  6.60769217e-11 
 4.69492000e-03  6.73807676e-11 
 4.70492000e-03  6.86206647e-11 
 4.71492000e-03  6.98996416e-11 
 4.72492000e-03  7.11466441e-11 
 4.73492000e-03  7.23652249e-11 
 4.74492000e-03  7.36726236e-11 
 4.75492000e-03  7.49125206e-11 
 4.76492000e-03  7.61488650e-11 
 4.77492000e-03  7.74171838e-11 
 4.78492000e-03  7.86428700e-11 
 4.79492000e-03  7.98969779e-11 
 4.80492000e-03  8.11688494e-11 
 4.81492000e-03  8.23874302e-11 
 4.82492000e-03  8.36273273e-11 
 4.83492000e-03  8.48920934e-11 
 4.84492000e-03  8.61142269e-11 
 4.85492000e-03  8.73860984e-11 
 4.86492000e-03  8.86011264e-11 
 4.87492000e-03  8.98445762e-11 
 4.88492000e-03  9.10986842e-11 
 4.89492000e-03  9.23172649e-11 
 4.90492000e-03  9.35678202e-11 
 4.91492000e-03  9.47792955e-11 
 4.92492000e-03  9.60227453e-11 
 4.93492000e-03  9.72519842e-11 
 4.94492000e-03  9.84847759e-11 
 4.95492000e-03  9.97317784e-11 
 4.96492000e-03  1.00936148e-10 
 4.97492000e-03  1.02176045e-10 
 4.98492000e-03  1.03405284e-10 
 4.99492000e-03  1.04623865e-10 
 5.00492000e-03  1.05860209e-10 
 5.01492000e-03  1.07014841e-10 
 5.02492000e-03  1.08240528e-10 
 5.03492000e-03  1.09508846e-10 
 5.04492000e-03  1.10677689e-10 
 5.05492000e-03  1.11917586e-10 
 5.06492000e-03  1.13146825e-10 
 5.07492000e-03  1.14322773e-10 
 5.08492000e-03  1.15523591e-10 
 5.09492000e-03  1.16717302e-10 
 5.10492000e-03  1.17953647e-10 
 5.11492000e-03  1.19154464e-10 
 5.12492000e-03  1.20365939e-10 
 5.13492000e-03  1.21559651e-10 
 5.14492000e-03  1.22739152e-10 
 5.15492000e-03  1.23971944e-10 
 5.16492000e-03  1.25158550e-10 
 5.17492000e-03  1.26366473e-10 
 5.18492000e-03  1.27524658e-10 
 5.19492000e-03  1.28729027e-10 
 5.20492000e-03  1.29901423e-10 
 5.21492000e-03  1.31052502e-10 
 5.22492000e-03  1.32267530e-10 
 5.23492000e-03  1.33418609e-10 
 5.24492000e-03  1.34569689e-10 
 5.25492000e-03  1.35628397e-10 
 5.26492000e-03  1.36694212e-10 
 5.27492000e-03  1.38172140e-10 
 5.28492000e-03  1.39110057e-10 
 5.29492000e-03  1.40715883e-10 
 5.30492000e-03  1.41923806e-10 
 5.31492000e-03  1.53789870e-10 
 5.32492000e-03  8.77038318e-08 
 5.33492000e-03  9.62658888e-07 
 5.34492000e-03  1.92838070e-06 
 5.35492000e-03  2.98502169e-06 
 5.36492000e-03  4.13255548e-06 
 5.37492000e-03  5.37077860e-06 
 5.38492000e-03  6.69783539e-06 
 5.39492000e-03  8.07919363e-06 
 5.40492000e-03  8.83333091e-06 
 5.41492000e-03  9.82213309e-06 
 5.42492000e-03  1.09018292e-05 
 5.43492000e-03  1.20723996e-05 
 5.44492000e-03  1.33337555e-05 
 5.45492000e-03  1.46850595e-05 
 5.46492000e-03  1.61050375e-05 
 5.47492000e-03  1.67525525e-05 
 5.48492000e-03  1.76942547e-05 
 5.49492000e-03  1.88859025e-05 
 5.50492000e-03  2.01682668e-05 
 5.51492000e-03  2.15404453e-05 
 5.52492000e-03  2.29708426e-05 
 5.53492000e-03  2.40560628e-05 
 5.54492000e-03  2.52096886e-05 
 5.55492000e-03  2.63929753e-05 
 5.56492000e-03  2.75121828e-05 
 5.57492000e-03  2.86481933e-05 
 5.58492000e-03  2.97717121e-05 
 5.59492000e-03  3.08916006e-05 
 5.60492000e-03  3.20086525e-05 
 5.61492000e-03  3.31233169e-05 
 5.62492000e-03  3.42355826e-05 
 5.63492000e-03  3.53454209e-05 
 5.64492000e-03  3.64528191e-05 
 5.65492000e-03  3.75577460e-05 
 5.66492000e-03  3.86601895e-05 
 5.67492000e-03  3.97601248e-05 
 5.68492000e-03  4.08575278e-05 
 5.69492000e-03  4.19523874e-05 
 5.70492000e-03  4.30446821e-05 
 5.71492000e-03  4.41343853e-05 
 5.72492000e-03  4.52214862e-05 
 5.73492000e-03  4.63059657e-05 
 5.74492000e-03  4.73878075e-05 
 5.75492000e-03  4.84669880e-05 
 5.76492000e-03  4.95434960e-05 
 5.77492000e-03  5.06173080e-05 
 5.78492000e-03  5.16884130e-05 
 5.79492000e-03  5.27567898e-05 
 5.80492000e-03  5.38224238e-05 
 5.81492000e-03  5.48852963e-05 
 5.82492000e-03  5.59453934e-05 
 5.83492000e-03  5.70026977e-05 
 5.84492000e-03  5.80571900e-05 
 5.85492000e-03  5.91088585e-05 
 5.86492000e-03  6.01576872e-05 
 5.87492000e-03  6.12036584e-05 
 5.88492000e-03  6.22467555e-05 
 5.89492000e-03  6.32869640e-05 
 5.90492000e-03  6.43242699e-05 
 5.91492000e-03  6.53586588e-05 
 5.92492000e-03  6.63901091e-05 
 5.93492000e-03  6.74186089e-05 
 5.94492000e-03  6.84441465e-05 
 5.95492000e-03  6.94667013e-05 
 5.96492000e-03  7.04862604e-05 
 5.97492000e-03  7.15028101e-05 
 5.98492000e-03  7.25163331e-05 
 5.99492000e-03  7.35268161e-05 
 6.00492000e-03  7.45342476e-05 
 6.01492000e-03  7.55386076e-05 
 6.02492000e-03  7.65398830e-05 
 6.03492000e-03  7.75380628e-05 
 6.04492000e-03  7.85331245e-05 
 6.05492000e-03  7.95250650e-05 
 6.06492000e-03  8.05138597e-05 
 6.07492000e-03  8.14995012e-05 
 6.08492000e-03  8.24819697e-05 
 6.09492000e-03  8.34612556e-05 
 6.10492000e-03  8.44373454e-05 
 6.11492000e-03  8.54102200e-05 
 6.12492000e-03  8.63798690e-05 
 6.13492000e-03  8.73462786e-05 
 6.14492000e-03  8.83094344e-05 
 6.15492000e-03  8.92693233e-05 
 6.16492000e-03  9.02259325e-05 
 6.17492000e-03  9.11792432e-05 
 6.18492000e-03  9.21292492e-05 
 6.19492000e-03  9.30759282e-05 
 6.20492000e-03  9.40192755e-05 
 6.21492000e-03  9.49592771e-05 
 6.22492000e-03  9.58959106e-05 
 6.23492000e-03  9.68291730e-05 
 6.24492000e-03  9.77590454e-05 
 6.25492000e-03  9.86855153e-05 
 6.26492000e-03  9.96085682e-05 
 6.27492000e-03  1.00528196e-04 
 6.28492000e-03  1.01444386e-04 
 6.29492000e-03  1.02357116e-04 
 6.30492000e-03  1.03266384e-04 
 6.31492000e-03  1.04172168e-04 
 6.32492000e-03  1.05074462e-04 
 6.33492000e-03  1.05973252e-04 
 6.34492000e-03  1.06868522e-04 
 6.35492000e-03  1.07760262e-04 
 6.36492000e-03  1.08648459e-04 
 6.37492000e-03  1.09533101e-04 
 6.38492000e-03  1.10414173e-04 
 6.39492000e-03  1.11291668e-04 
 6.40492000e-03  1.12165567e-04 
 6.41492000e-03  1.13035863e-04 
 6.42492000e-03  1.13902543e-04 
 6.43492000e-03  1.14765590e-04 
 6.44492000e-03  1.15624998e-04 
 6.45492000e-03  1.16480754e-04 
 6.46492000e-03  1.17332841e-04 
 6.47492000e-03  1.18181252e-04 
 6.48492000e-03  1.19025978e-04 
 6.49492000e-03  1.19866995e-04 
 6.50492000e-03  1.20704304e-04 
 6.51492000e-03  1.21537884e-04 
 6.52492000e-03  1.22367732e-04 
 6.53492000e-03  1.23193831e-04 
 6.54492000e-03  1.24016169e-04 
 6.55492000e-03  1.24834738e-04 
 6.56492000e-03  1.25649523e-04 
 6.57492000e-03  1.26460514e-04 
 6.58492000e-03  1.27267701e-04 
 6.59492000e-03  1.28071071e-04 
 6.60492000e-03  1.28870613e-04 
 6.61492000e-03  1.29666316e-04 
 6.62492000e-03  1.30458168e-04 
 6.63492000e-03  1.31246161e-04 
 6.64492000e-03  1.32030279e-04 
 6.65492000e-03  1.32810519e-04 
 6.66492000e-03  1.33586861e-04 
 6.67492000e-03  1.34359300e-04 
 6.68492000e-03  1.35127825e-04 
 6.69492000e-03  1.35892420e-04 
 6.70492000e-03  1.36653082e-04 
 6.71492000e-03  1.37409792e-04 
 6.72492000e-03  1.38162549e-04 
 6.73492000e-03  1.38911336e-04 
 6.74492000e-03  1.39656153e-04 
 6.75492000e-03  1.40433790e-04 
 6.76492000e-03  2.21389206e-04 
 6.77492000e-03  7.36055635e-03 
 6.78492000e-03  1.54190963e-01 
 6.79492000e-03  5.58802232e-01 
 6.80492000e-03  1.04603045e+00 
 6.81492000e-03  1.55035389e+00 
 6.82492000e-03  2.05894919e+00 
 6.83492000e-03  2.55830957e+00 
 6.84492000e-03  3.04510457e+00 
 6.85492000e-03  3.51889141e+00 
 6.86492000e-03  3.97900479e+00 
 6.87492000e-03  4.42505405e+00 
 6.88492000e-03  4.85691495e+00 
 6.89492000e-03  5.27461610e+00 
 6.90492000e-03  5.67828122e+00 
 6.91492000e-03  6.06809658e+00 
 6.92492000e-03  6.44429000e+00 
 6.93492000e-03  6.80711683e+00 
 6.94492000e-03  7.15685043e+00 
 6.95492000e-03  7.49377549e+00 
 6.96492000e-03  7.81818339e+00 
 6.97492000e-03  8.13036876e+00 
 6.98492000e-03  8.43062697e+00 
 6.99492000e-03  8.71925237e+00 
 7.00492000e-03  8.99653688e+00 
 7.01492000e-03  9.26276901e+00 
 7.02492000e-03  9.51823308e+00 
 7.03492000e-03  9.76320869e+00 
 7.04492000e-03  9.99797032e+00 
 7.05492000e-03  1.02227870e+01 
 7.06492000e-03  1.04379222e+01 
 7.07492000e-03  1.06436334e+01 
 7.08492000e-03  1.08401726e+01 
 7.09492000e-03  1.10277857e+01 
 7.10492000e-03  1.12067127e+01 
 7.11492000e-03  1.13771877e+01 
 7.12492000e-03  1.15394392e+01 
 7.13492000e-03  1.16936899e+01 
 7.14492000e-03  1.18401565e+01 
 7.15492000e-03  1.19790506e+01 
 7.16492000e-03  1.21105779e+01 
 7.17492000e-03  1.22349389e+01 
 7.18492000e-03  1.23523289e+01 
 7.19492000e-03  1.24629377e+01 
 7.20492000e-03  1.25669502e+01 
 7.21492000e-03  1.26645466e+01 
 7.22492000e-03  1.27559017e+01 
 7.23492000e-03  1.28411861e+01 
 7.24492000e-03  1.29205654e+01 
 7.25492000e-03  1.29942008e+01 
 7.26492000e-03  1.30622492e+01 
 7.27492000e-03  1.31248632e+01 
 7.28492000e-03  1.31821910e+01 
 7.29492000e-03  1.32343769e+01 
 7.30492000e-03  1.32815612e+01 
 7.31492000e-03  1.33238805e+01 
 7.32492000e-03  1.33614672e+01 
 7.33492000e-03  1.33944505e+01 
 7.34492000e-03  1.34229558e+01 
 7.35492000e-03  1.34471050e+01 
 7.36492000e-03  1.34670168e+01 
 7.37492000e-03  1.34828063e+01 
 7.38492000e-03  1.34945857e+01 
 7.39492000e-03  1.35024640e+01 
 7.40492000e-03  1.35065472e+01 
 7.41492000e-03  1.35069382e+01 
 7.42492000e-03  1.35037372e+01 
 7.43492000e-03  1.34970415e+01 
 7.44492000e-03  1.34869459e+01 
 7.45492000e-03  1.34735422e+01 
 7.46492000e-03  1.34569201e+01 
 7.47492000e-03  1.34371665e+01 
 7.48492000e-03  1.34143660e+01 
 7.49492000e-03  1.33886006e+01 
 7.50492000e-03  1.33599505e+01 
 7.51492000e-03  1.33284933e+01 
 7.52492000e-03  1.32943045e+01 
 7.53492000e-03  1.32574576e+01 
 7.54492000e-03  1.32180240e+01 
 7.55492000e-03  1.31760731e+01 
 7.56492000e-03  1.31316725e+01 
 7.57492000e-03  1.30848878e+01 
 7.58492000e-03  1.30357827e+01 
 7.59492000e-03  1.29844195e+01 
 7.60492000e-03  1.29308583e+01 
 7.61492000e-03  1.28751579e+01 
 7.62492000e-03  1.28173754e+01 
 7.63492000e-03  1.27575661e+01 
 7.64492000e-03  1.26957841e+01 
 7.65492000e-03  1.26320818e+01 
 7.66492000e-03  1.25665103e+01 
 7.67492000e-03  1.24991192e+01 
 7.68492000e-03  1.24299567e+01 
 7.69492000e-03  1.23590698e+01 
 7.70492000e-03  1.22865041e+01 
 7.71492000e-03  1.22123040e+01 
 7.72492000e-03  1.21365128e+01 
 7.73492000e-03  1.20591725e+01 
 7.74492000e-03  1.19803238e+01 
 7.75492000e-03  1.19000067e+01 
 7.76492000e-03  1.18182598e+01 
 7.77492000e-03  1.17351206e+01 
 7.78492000e-03  1.16506260e+01 
 7.79492000e-03  1.15648114e+01 
 7.80492000e-03  1.14777116e+01 
 7.81492000e-03  1.13893602e+01 
 7.82492000e-03  1.12997903e+01 
 7.83492000e-03  1.12090336e+01 
 7.84492000e-03  1.11171214e+01 
 7.85492000e-03  1.10240839e+01 
 7.86492000e-03  1.09299506e+01 
 7.87492000e-03  1.08347502e+01 
 7.88492000e-03  1.07385107e+01 
 7.89492000e-03  1.06412592e+01 
 7.90492000e-03  1.05430223e+01 
 7.91492000e-03  1.04438257e+01 
 7.92492000e-03  1.03436947e+01 
 7.93492000e-03  1.02426536e+01 
 7.94492000e-03  1.01407263e+01 
 7.95492000e-03  1.00379362e+01 
 7.96492000e-03  9.93430576e+00 
 7.97492000e-03  9.82985713e+00 
 7.98492000e-03  9.72461180e+00 
 7.99492000e-03  9.61859075e+00 
 8.00492000e-03  9.51181442e+00 
 8.01492000e-03  9.40430274e+00 
 8.02492000e-03  9.29607515e+00 
 8.03492000e-03  9.18715062e+00 
 8.04492000e-03  9.07754765e+00 
 8.05492000e-03  8.96728429e+00 
 8.06492000e-03  8.85637816e+00 
 8.07492000e-03  8.74484646e+00 
 8.08492000e-03  8.63270599e+00 
 8.09492000e-03  8.51997315e+00 
 8.10492000e-03  8.40666396e+00 
 8.11492000e-03  8.29279409e+00 
 8.12492000e-03  8.17837884e+00 
 8.13492000e-03  8.06343318e+00 
 8.14492000e-03  7.94797176e+00 
 8.15492000e-03  7.83200888e+00 
 8.16492000e-03  7.71555859e+00 
 8.17492000e-03  7.59863461e+00 
 8.18492000e-03  7.48125039e+00 
 8.19492000e-03  7.36341913e+00 
 8.20492000e-03  7.24515376e+00 
 8.21492000e-03  7.12646697e+00 
 8.22492000e-03  7.00737123e+00 
 8.23492000e-03  6.88787878e+00 
 8.24492000e-03  6.76800166e+00 
 8.25492000e-03  6.64775172e+00 
 8.26492000e-03  6.52714063e+00 
 8.27492000e-03  6.40617989e+00 
 8.28492000e-03  6.28488084e+00 
 8.29492000e-03  6.16325471e+00 
 8.30492000e-03  6.04131258e+00 
 8.31492000e-03  5.91906542e+00 
 8.32492000e-03  5.79652413e+00 
 8.33492000e-03  5.67369951e+00 
 8.34492000e-03  5.55060233e+00 
 8.35492000e-03  5.42724329e+00 
 8.36492000e-03  5.30363310e+00 
 8.37492000e-03  5.17978247e+00 
 8.38492000e-03  5.05570213e+00 
 8.39492000e-03  4.93140287e+00 
 8.40492000e-03  4.80689558e+00 
 8.41492000e-03  4.68219127e+00 
 8.42492000e-03  4.55730108e+00 
 8.43492000e-03  4.43223637e+00 
 8.44492000e-03  4.30700874e+00 
 8.45492000e-03  4.18163009e+00 
 8.46492000e-03  4.05611266e+00 
 8.47492000e-03  3.93046911e+00 
 8.48492000e-03  3.80471263e+00 
 8.49492000e-03  3.67885695e+00 
 8.50492000e-03  3.55291654e+00 
 8.51492000e-03  3.42690665e+00 
 8.52492000e-03  3.30084350e+00 
 8.53492000e-03  3.17474446e+00 
 8.54492000e-03  3.04862818e+00 
 8.55492000e-03  2.92251492e+00 
 8.56492000e-03  2.79642680e+00 
 8.57492000e-03  2.67038814e+00 
 8.58492000e-03  2.54442591e+00 
 8.59492000e-03  2.41857027e+00 
 8.60492000e-03  2.29285525e+00 
 8.61492000e-03  2.16731952e+00 
 8.62492000e-03  2.04200754e+00 
 8.63492000e-03  1.91697085e+00 
 8.64492000e-03  1.79226987e+00 
 8.65492000e-03  1.66797619e+00 
 8.66492000e-03  1.54417566e+00 
 8.67492000e-03  1.42097254e+00 
 8.68492000e-03  1.29849523e+00 
 8.69492000e-03  1.17690415e+00 
 8.70492000e-03  1.05640315e+00 
 8.71492000e-03  9.37255848e-01 
 8.72492000e-03  8.19809978e-01 
 8.73492000e-03  7.04534214e-01 
 8.74492000e-03  5.92075019e-01 
 8.75492000e-03  4.83345709e-01 
 8.76492000e-03  3.79665826e-01 
 8.77492000e-03  2.82970519e-01 
 8.78492000e-03  1.96078153e-01 
 8.79492000e-03  1.22837330e-01 
 8.80492000e-03  6.79080437e-02 
 8.81492000e-03  3.23642024e-02 
 8.82492000e-03  1.35734710e-02 
 8.83492000e-03  5.22914510e-03 
 8.84492000e-03  1.93448382e-03 
 8.85492000e-03  7.28971322e-04 
 8.86492000e-03  3.14442091e-04 
 8.87492000e-03  1.92200235e-04 
 8.88492000e-03  1.69118093e-04 
 8.89492000e-03  1.66195005e-04 
 8.90492000e-03  1.65689102e-04 
 8.91492000e-03  1.65412908e-04 
 8.92492000e-03  1.65154338e-04 
 8.93492000e-03  1.64893022e-04 
 8.94492000e-03  1.64627156e-04 
 8.95492000e-03  1.64356597e-04 
 8.96492000e-03  1.64081336e-04 
 8.97492000e-03  1.63801386e-04 
 8.98492000e-03  1.63516738e-04 
 8.99492000e-03  1.63227407e-04 
 9.00492000e-03  1.62933387e-04 
 9.01492000e-03  1.62634694e-04 
 9.02492000e-03  1.62331325e-04 
 9.03492000e-03  1.62023284e-04 
 9.04492000e-03  1.61710583e-04 
 9.05492000e-03  1.61393218e-04 
 9.06492000e-03  1.61071200e-04 
 9.07492000e-03  1.60744528e-04 
 9.08492000e-03  1.60413218e-04 
 9.09492000e-03  1.60077263e-04 
 9.10492000e-03  1.59736676e-04 
 9.11492000e-03  1.59391456e-04 
 9.12492000e-03  1.59041612e-04 
 9.13492000e-03  1.58687151e-04 
 9.14492000e-03  1.58328076e-04 
 9.15492000e-03  1.57964392e-04 
 9.16492000e-03  1.57596104e-04 
 9.17492000e-03  1.57223220e-04 
 9.18492000e-03  1.56845747e-04 
 9.19492000e-03  1.56463685e-04 
 9.20492000e-03  1.56077047e-04 
 9.21492000e-03  1.55685834e-04 
 9.22492000e-03  1.55290050e-04 
 9.23492000e-03  1.54889705e-04 
 9.24492000e-03  1.54484805e-04 
 9.25492000e-03  1.54075356e-04 
 9.26492000e-03  1.53661361e-04 
 9.27492000e-03  1.53242830e-04 
 9.28492000e-03  1.52819767e-04 
 9.29492000e-03  1.52392179e-04 
 9.30492000e-03  1.51960073e-04 
 9.31492000e-03  1.51523459e-04 
 9.32492000e-03  1.51082337e-04 
 9.33492000e-03  1.50636716e-04 
 9.34492000e-03  1.50186601e-04 
 9.35492000e-03  1.49732005e-04 
 9.36492000e-03  1.49272931e-04 
 9.37492000e-03  1.48809383e-04 
 9.38492000e-03  1.48341370e-04 
 9.39492000e-03  1.47868906e-04 
 9.40492000e-03  1.47391985e-04 
 9.41492000e-03  1.46910624e-04 
 9.42492000e-03  1.46424825e-04 
 9.43492000e-03  1.45934601e-04 
 9.44492000e-03  1.45439954e-04 
 9.45492000e-03  1.44940892e-04 
 9.46492000e-03  1.44437427e-04 
 9.47492000e-03  1.43929560e-04 
 9.48492000e-03  1.43417303e-04 
 9.49492000e-03  1.42900661e-04 
 9.50492000e-03  1.42379644e-04 
 9.51492000e-03  1.41854263e-04 
 9.52492000e-03  1.41324518e-04 
 9.53492000e-03  1.40790424e-04 
 9.54492000e-03  1.40251983e-04 
 9.55492000e-03  1.39709206e-04 
 9.56492000e-03  1.39162100e-04 
 9.57492000e-03  1.38610677e-04 
 9.58492000e-03  1.38054942e-04 
 9.59492000e-03  1.37494900e-04 
 9.60492000e-03  1.36930565e-04 
 9.61492000e-03  1.36361944e-04 
 9.62492000e-03  1.35789047e-04 
 9.63492000e-03  1.35211875e-04 
 9.64492000e-03  1.34630446e-04 
 9.65492000e-03  1.34044763e-04 
 9.66492000e-03  1.33454840e-04 
 9.67492000e-03  1.32860678e-04 
 9.68492000e-03  1.32262294e-04 
 9.69492000e-03  1.31659690e-04 
 9.70492000e-03  1.31052876e-04 
 9.71492000e-03  1.30441865e-04 
 9.72492000e-03  1.29826668e-04 
 9.73492000e-03  1.29207284e-04 
 9.74492000e-03  1.28583734e-04 
 9.75492000e-03  1.27956018e-04 
 9.76492000e-03  1.27324149e-04 
 9.77492000e-03  1.26688135e-04 
 9.78492000e-03  1.26047989e-04 
 9.79492000e-03  1.25403720e-04 
 9.80492000e-03  1.24755337e-04 
 9.81492000e-03  1.24102844e-04 
 9.82492000e-03  1.23446255e-04 
 9.83492000e-03  1.22785583e-04 
 9.84492000e-03  1.22120834e-04 
 9.85492000e-03  1.21452020e-04 
 9.86492000e-03  1.20779148e-04 
 9.87492000e-03  1.20102230e-04 
 9.88492000e-03  1.19421277e-04 
 9.89492000e-03  1.18736297e-04 
 9.90492000e-03  1.18047299e-04 
 9.91492000e-03  1.17354297e-04 
 9.92492000e-03  1.16657299e-04 
 9.93492000e-03  1.15956314e-04 
 9.94492000e-03  1.15251357e-04 
 9.95492000e-03  1.14542435e-04 
 9.96492000e-03  1.13829558e-04 
 9.97492000e-03  1.13112738e-04 
 9.98492000e-03  1.12391989e-04 
 9.99492000e-03  1.11667314e-04 
 1.00049200e-02  1.10938729e-04 
 1.00149200e-02  1.10206246e-04 
 1.00249200e-02  1.09469868e-04 
 1.00349200e-02  1.08729616e-04 
 1.00449200e-02  1.07985496e-04 
 1.00549200e-02  1.07237518e-04 
 1.00649200e-02  1.06485695e-04 
 1.00749200e-02  1.05730042e-04 
 1.00849200e-02  1.04970562e-04 
 1.00949200e-02  1.04207271e-04 
 1.01049200e-02  1.03440180e-04 
 1.01149200e-02  1.02669302e-04 
 1.01249200e-02  1.01894642e-04 
 1.01349200e-02  1.01116218e-04 
 1.01449200e-02  1.00334039e-04 
 1.01549200e-02  9.95481177e-05 
 1.01649200e-02  9.87584673e-05 
 1.01749200e-02  9.79650952e-05 
 1.01849200e-02  9.71680157e-05 
 1.01949200e-02  9.63672435e-05 
 1.02049200e-02  9.55627824e-05 
 1.02149200e-02  9.47546528e-05 
 1.02249200e-02  9.39428636e-05 
 1.02349200e-02  9.31274248e-05 
 1.02449200e-02  9.23083528e-05 
 1.02549200e-02  9.14856551e-05 
 1.02649200e-02  9.06593478e-05 
 1.02749200e-02  8.98294401e-05 
 1.02849200e-02  8.89959508e-05 
 1.02949200e-02  8.81588839e-05 
 1.03049200e-02  8.73182536e-05 
 1.03149200e-02  8.64740787e-05 
 1.03249200e-02  8.56263652e-05 
 1.03349200e-02  8.47751266e-05 
 1.03449200e-02  8.39203817e-05 
 1.03549200e-02  8.30621338e-05 
 1.03649200e-02  8.22004047e-05 
 1.03749200e-02  8.13352013e-05 
 1.03849200e-02  8.04665395e-05 
 1.03949200e-02  7.95944337e-05 
 1.04049200e-02  7.87188892e-05 
 1.04149200e-02  7.78399291e-05 
 1.04249200e-02  7.69575632e-05 
 1.04349200e-02  7.60718019e-05 
 1.04449200e-02  7.51826598e-05 
 1.04549200e-02  7.42901534e-05 
 1.04649200e-02  7.33942928e-05 
 1.04749200e-02  7.24950925e-05 
 1.04849200e-02  7.15925662e-05 
 1.04949200e-02  7.06867251e-05 
 1.05049200e-02  6.97775901e-05 
 1.05149200e-02  6.88651696e-05 
 1.05249200e-02  6.79494752e-05 
 1.05349200e-02  6.70305286e-05 
 1.05449200e-02  6.61083379e-05 
 1.05549200e-02  6.51829140e-05 
 1.05649200e-02  6.42542802e-05 
 1.05749200e-02  6.33224487e-05 
 1.05849200e-02  6.23874270e-05 
 1.05949200e-02  6.14492363e-05 
 1.06049200e-02  6.05078885e-05 
 1.06149200e-02  5.95633963e-05 
 1.06249200e-02  5.86157799e-05 
 1.06349200e-02  5.76650499e-05 
 1.06449200e-02  5.67112246e-05 
 1.06549200e-02  5.57543109e-05 
 1.06649200e-02  5.47943342e-05 
 1.06749200e-02  5.38313057e-05 
 1.06849200e-02  5.28652368e-05 
 1.06949200e-02  5.18961511e-05 
 1.07049200e-02  5.09240556e-05 
 1.07149200e-02  4.99489687e-05 
 1.07249200e-02  4.89709146e-05 
 1.07349200e-02  4.79898957e-05 
 1.07449200e-02  4.70059382e-05 
 1.07549200e-02  4.60190502e-05 
 1.07649200e-02  4.50292571e-05 
 1.07749200e-02  4.40365714e-05 
 1.07849200e-02  4.30410098e-05 
 1.07949200e-02  4.20425853e-05 
 1.08049200e-02  4.10413258e-05 
 1.08149200e-02  4.00372421e-05 
 1.08249200e-02  3.90303475e-05 
 1.08349200e-02  3.80206699e-05 
 1.08449200e-02  3.70082222e-05 
 1.08549200e-02  3.59930243e-05 
 1.08649200e-02  3.49750996e-05 
 1.08749200e-02  3.39544593e-05 
 1.08849200e-02  3.29311319e-05 
 1.08949200e-02  3.19051327e-05 
 1.09049200e-02  3.08764842e-05 
 1.09149200e-02  2.98452155e-05 
 1.09249200e-02  2.88113387e-05 
 1.09349200e-02  2.77748881e-05 
 1.09449200e-02  2.67358788e-05 
 1.09549200e-02  2.56943480e-05 
 1.09649200e-02  2.46503127e-05 
 1.09749200e-02  2.36038113e-05 
 1.09849200e-02  2.25548713e-05 
 1.09949200e-02  2.15035289e-05 
 1.10049200e-02  2.04498163e-05 
 1.10149200e-02  1.93937778e-05 
 1.10249200e-02  1.83354622e-05 
 1.10349200e-02  1.72749089e-05 
 1.10449200e-02  1.62121829e-05 
 1.10549200e-02  1.51473509e-05 
 1.10649200e-02  1.40804832e-05 
 1.10749200e-02  1.30116709e-05 
 1.10849200e-02  1.19410311e-05 
 1.10949200e-02  1.08686954e-05 
 1.11049200e-02  9.79483846e-06 
 1.11149200e-02  8.71968990e-06 
 1.11249200e-02  7.64356482e-06 
 1.11349200e-02  6.56691001e-06 
 1.11449200e-02  5.49040096e-06 
 1.11549200e-02  4.41512888e-06 
 1.11649200e-02  3.34304788e-06 
 1.11749200e-02  2.27818755e-06 
 1.11849200e-02  1.23099292e-06 
 1.11949200e-02  2.42303052e-07 
 1.12049200e-02 -3.46346397e-07 
 1.12149200e-02  1.13900001e-10 
 1.12249200e-02  1.57491797e-10 
 1.12349200e-02  1.56141766e-10 
 1.12449200e-02  1.55537805e-10 
 1.12549200e-02  1.54287250e-10 
 1.12649200e-02  1.52660107e-10 
 1.12749200e-02  1.51629820e-10 
 1.12849200e-02  1.50535584e-10 
 1.12949200e-02  1.49398716e-10 
 1.13049200e-02  1.48261847e-10 
 1.13149200e-02  1.47075241e-10 
 1.13249200e-02  1.45945478e-10 
 1.13349200e-02  1.44765977e-10 
 1.13449200e-02  1.43622003e-10 
 1.13549200e-02  1.42449608e-10 
 1.13649200e-02  1.41284318e-10 
 1.13749200e-02  1.40197187e-10 
 1.13849200e-02  1.38946632e-10 
 1.13949200e-02  1.37809764e-10 
 1.14049200e-02  1.36672895e-10 
 1.14149200e-02  1.35415235e-10 
 1.14249200e-02  1.34271261e-10 
 1.14349200e-02  1.33077549e-10 
 1.14449200e-02  1.31898048e-10 
 1.14549200e-02  1.30746969e-10 
 1.14649200e-02  1.29531941e-10 
 1.14749200e-02  1.28309807e-10 
 1.14849200e-02  1.27169386e-10 
 1.14949200e-02  1.25954358e-10 
 1.15049200e-02  1.24742883e-10 
 1.15149200e-02  1.23556276e-10 
 1.15249200e-02  1.22323485e-10 
 1.15349200e-02  1.21179511e-10 
 1.15449200e-02  1.19964483e-10 
 1.15549200e-02  1.18760113e-10 
 1.15649200e-02  1.17569954e-10 
 1.15749200e-02  1.16397558e-10 
 1.15849200e-02  1.15154108e-10 
 1.15949200e-02  1.13942633e-10 
 1.16049200e-02  1.12759579e-10 
 1.16149200e-02  1.11512577e-10 
 1.16249200e-02  1.10315312e-10 
 1.16349200e-02  1.09061205e-10 
 1.16449200e-02  1.07885256e-10 
 1.16549200e-02  1.06695097e-10 
 1.16649200e-02  1.05440989e-10 
 1.16749200e-02  1.04225961e-10 
 1.16849200e-02  1.02968301e-10 
 1.16949200e-02  1.01763931e-10 
 1.17049200e-02  1.00545350e-10 
 1.17149200e-02  9.93409799e-11 
 1.17249200e-02  9.80868720e-11 
 1.17349200e-02  9.68434222e-11 
 1.17449200e-02  9.56177360e-11 
 1.17549200e-02  9.44346823e-11 
 1.17649200e-02  9.31521527e-11 
 1.17749200e-02  9.19051502e-11 
 1.17849200e-02  9.06830167e-11 
 1.17949200e-02  8.94608831e-11 
 1.18049200e-02  8.82103279e-11 
 1.18149200e-02  8.69917471e-11 
 1.18249200e-02  8.57376392e-11 
 1.18349200e-02  8.44870840e-11 
 1.18449200e-02  8.32436342e-11 
 1.18549200e-02  8.19966317e-11 
 1.18649200e-02  8.07496292e-11 
 1.18749200e-02  7.95168376e-11 
 1.18849200e-02  7.82627296e-11 
 1.18949200e-02  7.69873054e-11 
 1.19049200e-02  7.57687246e-11 
 1.19149200e-02  7.45146167e-11 
 1.19249200e-02  7.32462979e-11 
 1.19349200e-02  7.20099536e-11 
 1.19449200e-02  7.07558456e-11 
 1.19549200e-02  6.94875268e-11 
 1.19649200e-02  6.82369716e-11 
 1.19749200e-02  6.69722056e-11 
 1.19849200e-02  6.57323085e-11 
 1.19949200e-02  6.44604370e-11 
 1.20049200e-02  6.31885655e-11 
 1.20149200e-02  6.19380103e-11 
 1.20249200e-02  6.06750206e-11 
 1.20349200e-02  5.94084781e-11 
 1.20449200e-02  5.81472648e-11 
 1.20549200e-02  5.68629588e-11 
 1.20649200e-02  5.55999691e-11 
 1.20749200e-02  5.43316503e-11 
 1.20849200e-02  5.30597788e-11 
 1.20949200e-02  5.17825782e-11 
 1.21049200e-02  5.05355757e-11 
 1.21149200e-02  4.92690333e-11 
 1.21249200e-02  4.79847273e-11 
 1.21349200e-02  4.67270667e-11 
 1.21449200e-02  4.54392080e-11 
 1.21549200e-02  4.41779946e-11 
 1.21649200e-02  4.29043467e-11 
 1.21749200e-02  4.16324752e-11 
 1.21849200e-02  4.03517220e-11 
 1.21949200e-02  3.90816268e-11 
 1.22049200e-02  3.78115317e-11 
 1.22149200e-02  3.65201203e-11 
 1.22249200e-02  3.52446961e-11 
 1.22349200e-02  3.39710482e-11 
 1.22449200e-02  3.26956240e-11 
 1.22549200e-02  3.14237525e-11 
 1.22649200e-02  3.01474401e-11 
 1.22749200e-02  2.88675750e-11 
 1.22849200e-02  2.75806045e-11 
 1.22949200e-02  2.62954103e-11 
 1.23049200e-02  2.50164334e-11 
 1.23149200e-02  2.37401210e-11 
 1.23249200e-02  2.24611441e-11 
 1.23349200e-02  2.11777262e-11 
 1.23449200e-02  1.99005257e-11 
 1.23549200e-02  1.86179960e-11 
 1.23649200e-02  1.73328019e-11 
 1.23749200e-02  1.60529368e-11 
 1.23849200e-02  1.47668544e-11 
 1.23949200e-02  1.34869893e-11 
 1.24049200e-02  1.22040156e-11 
 1.24149200e-02  1.09201537e-11 
 1.24249200e-02  9.63495950e-12 
 1.24349200e-02  8.35154168e-12 
 1.24449200e-02  7.07056635e-12 
 1.24549200e-02  5.78648240e-12 
 1.24649200e-02  4.50284254e-12 
 1.24749200e-02  3.21898064e-12 
 1.24849200e-02  1.93567384e-12 
 1.24949200e-02  6.52228271e-13 
 1.25049200e-02 -6.31550368e-13 
 1.25149200e-02 -1.91580085e-12 
 1.25249200e-02 -3.19866356e-12 
 1.25349200e-02 -4.48108217e-12 
 1.25449200e-02 -5.76627635e-12 
 1.25549200e-02 -7.04880598e-12 
 1.25649200e-02 -8.33111358e-12 
 1.25749200e-02 -9.61586366e-12 
 1.25849200e-02 -1.09001697e-11 
 1.25949200e-02 -1.21835875e-11 
 1.26049200e-02 -1.34643408e-11 
 1.26149200e-02 -1.47442059e-11 
 1.26249200e-02 -1.60307323e-11 
 1.26349200e-02 -1.73088210e-11 
 1.26449200e-02 -1.85922389e-11 
 1.26549200e-02 -1.98729921e-11 
 1.26649200e-02 -2.11555218e-11 
 1.26749200e-02 -2.24407160e-11 
 1.26849200e-02 -2.37232456e-11 
 1.26949200e-02 -2.50031107e-11 
 1.27049200e-02 -2.62785349e-11 
 1.27149200e-02 -2.75548473e-11 
 1.27249200e-02 -2.88409296e-11 
 1.27349200e-02 -3.01136893e-11 
 1.27449200e-02 -3.13971071e-11 
 1.27549200e-02 -3.26725313e-11 
 1.27649200e-02 -3.39568373e-11 
 1.27749200e-02 -3.52322616e-11 
 1.27849200e-02 -3.65076858e-11 
 1.27949200e-02 -3.77955445e-11 
 1.28049200e-02 -3.90514288e-11 
 1.28149200e-02 -4.03304057e-11 
 1.28249200e-02 -4.16093826e-11 
 1.28349200e-02 -4.28848068e-11 
 1.28449200e-02 -4.41531256e-11 
 1.28549200e-02 -4.54427607e-11 
 1.28649200e-02 -4.66986450e-11 
 1.28749200e-02 -4.79740692e-11 
 1.28849200e-02 -4.92388352e-11 
 1.28949200e-02 -5.05071540e-11 
 1.29049200e-02 -5.17683674e-11 
 1.29149200e-02 -5.30278044e-11 
 1.29249200e-02 -5.43209921e-11 
 1.29349200e-02 -5.55804291e-11 
 1.29449200e-02 -5.68451952e-11 
 1.29549200e-02 -5.81099613e-11 
 1.29649200e-02 -5.93836091e-11 
 1.29749200e-02 -6.06448225e-11 
 1.29849200e-02 -6.19095886e-11 
 1.29949200e-02 -6.31636965e-11 
 1.30049200e-02 -6.44284626e-11 
 1.30149200e-02 -6.56825705e-11 
 1.30249200e-02 -6.69686528e-11 
 1.30349200e-02 -6.82014445e-11 
 1.30449200e-02 -6.94484470e-11 
 1.30549200e-02 -7.07309766e-11 
 1.30649200e-02 -7.19779791e-11 
 1.30749200e-02 -7.32178762e-11 
 1.30849200e-02 -7.44755368e-11 
 1.30949200e-02 -7.57260921e-11 
 1.31049200e-02 -7.69837527e-11 
 1.31149200e-02 -7.82343079e-11 
 1.31249200e-02 -7.94742050e-11 
 1.31349200e-02 -8.07389711e-11 
 1.31449200e-02 -8.19539991e-11 
 1.31549200e-02 -8.32294234e-11 
 1.31649200e-02 -8.44657677e-11 
 1.31749200e-02 -8.57056648e-11 
 1.31849200e-02 -8.69562200e-11 
 1.31949200e-02 -8.81961171e-11 
 1.32049200e-02 -8.94253560e-11 
 1.32149200e-02 -9.06617004e-11 
 1.32249200e-02 -9.18838339e-11 
 1.32349200e-02 -9.31130728e-11 
 1.32449200e-02 -9.43813916e-11 
 1.32549200e-02 -9.55964197e-11 
 1.32649200e-02 -9.68398695e-11 
 1.32749200e-02 -9.80691084e-11 
 1.32849200e-02 -9.93196636e-11 
 1.32949200e-02 -1.00520481e-10 
 1.33049200e-02 -1.01749720e-10 
 1.33149200e-02 -1.02964748e-10 
 1.33249200e-02 -1.04190434e-10 
 1.33349200e-02 -1.05398357e-10 
 1.33449200e-02 -1.06634701e-10 
 1.33549200e-02 -1.07846176e-10 
 1.33649200e-02 -1.09100284e-10 
 1.33749200e-02 -1.10265574e-10 
 1.33849200e-02 -1.11487708e-10 
 1.33949200e-02 -1.12731158e-10 
 1.34049200e-02 -1.13900001e-10 
 1.34149200e-02 -1.15139898e-10 
 1.34249200e-02 -1.16315846e-10 
 1.34349200e-02 -1.17527321e-10 
 1.34449200e-02 -1.18760113e-10 
 1.34549200e-02 -1.20000010e-10 
 1.34649200e-02 -1.21172405e-10 
 1.34749200e-02 -1.22341248e-10 
 1.34849200e-02 -1.23570487e-10 
 1.34949200e-02 -1.24764199e-10 
 1.35049200e-02 -1.25972122e-10 
 1.35149200e-02 -1.27162281e-10 
 1.35249200e-02 -1.28366651e-10 
 1.35349200e-02 -1.29524835e-10 
 1.35449200e-02 -1.30697231e-10 
 1.35549200e-02 -1.31919364e-10 
 1.35649200e-02 -1.33042022e-10 
 1.35749200e-02 -1.34214417e-10 
 1.35849200e-02 -1.35472078e-10 
 1.35949200e-02 -1.36601841e-10 
 1.36049200e-02 -1.37788447e-10 
 1.36149200e-02 -1.38946632e-10 
 1.36249200e-02 -1.40133238e-10 
 1.36349200e-02 -1.41305634e-10 
 1.36449200e-02 -1.42414081e-10 
 1.36549200e-02 -1.43643319e-10 
 1.36649200e-02 -1.44744661e-10 
 1.36749200e-02 -1.45838897e-10 
 1.36849200e-02 -1.46947343e-10 
 1.36949200e-02 -1.47885260e-10 
 1.37049200e-02 -1.49071866e-10 
 1.37149200e-02 -1.50429003e-10 
 1.37249200e-02 -1.51800350e-10 
 1.37349200e-02 -1.53129065e-10 
 1.37449200e-02 -4.87020202e-10 
 1.37549200e-02 -9.16513372e-08 
 1.37649200e-02 -9.51310263e-07 
 1.37749200e-02 -1.90185199e-06 
 1.37849200e-02 -3.09419800e-06 
 1.37949200e-02 -4.37730264e-06 
 1.38049200e-02 -5.74984210e-06 
 1.38149200e-02 -7.16393062e-06 
 1.38249200e-02 -8.23711327e-06 
 1.38349200e-02 -9.38089409e-06 
 1.38449200e-02 -1.05672858e-05 
 1.38549200e-02 -1.17088561e-05 
 1.38649200e-02 -1.28475055e-05 
 1.38749200e-02 -1.39768451e-05 
 1.38849200e-02 -1.51048862e-05 
 1.38949200e-02 -1.62308152e-05 
 1.39049200e-02 -1.73547692e-05 
 1.39149200e-02 -1.84766813e-05 
 1.39249200e-02 -1.95964836e-05 
 1.39349200e-02 -2.07141258e-05 
 1.39449200e-02 -2.18295576e-05 
 1.39549200e-02 -2.29427363e-05 
 1.39649200e-02 -2.40536167e-05 
 1.39749200e-02 -2.51621683e-05 
 1.39849200e-02 -2.62683578e-05 
 1.39949200e-02 -2.73721462e-05 
 1.40049200e-02 -2.84735135e-05 
 1.40149200e-02 -2.95724247e-05 
 1.40249200e-02 -3.06688577e-05 
 1.40349200e-02 -3.17627876e-05 
 1.40449200e-02 -3.28541893e-05 
 1.40549200e-02 -3.39430390e-05 
 1.40649200e-02 -3.50293112e-05 
 1.40749200e-02 -3.61129939e-05 
 1.40849200e-02 -3.71940554e-05 
 1.40949200e-02 -3.82724835e-05 
 1.41049200e-02 -3.93482509e-05 
 1.41149200e-02 -4.04213468e-05 
 1.41249200e-02 -4.14917456e-05 
 1.41349200e-02 -4.25594307e-05 
 1.41449200e-02 -4.36243816e-05 
 1.41549200e-02 -4.46865868e-05 
 1.41649200e-02 -4.57460202e-05 
 1.41749200e-02 -4.68026693e-05 
 1.41849200e-02 -4.78565159e-05 
 1.41949200e-02 -4.89075405e-05 
 1.42049200e-02 -4.99557282e-05 
 1.42149200e-02 -5.10010648e-05 
 1.42249200e-02 -5.20435320e-05 
 1.42349200e-02 -5.30831087e-05 
 1.42449200e-02 -5.41197857e-05 
 1.42549200e-02 -5.51535438e-05 
 1.42649200e-02 -5.61843680e-05 
 1.42749200e-02 -5.72122413e-05 
 1.42849200e-02 -5.82371490e-05 
 1.42949200e-02 -5.92590733e-05 
 1.43049200e-02 -6.02780037e-05 
 1.43149200e-02 -6.12939204e-05 
 1.43249200e-02 -6.23068078e-05 
 1.43349200e-02 -6.33166545e-05 
 1.43449200e-02 -6.43234433e-05 
 1.43549200e-02 -6.53271588e-05 
 1.43649200e-02 -6.63277882e-05 
 1.43749200e-02 -6.73253134e-05 
 1.43849200e-02 -6.83197250e-05 
 1.43949200e-02 -6.93110020e-05 
 1.44049200e-02 -7.02991338e-05 
 1.44149200e-02 -7.12841077e-05 
 1.44249200e-02 -7.22659047e-05 
 1.44349200e-02 -7.32445153e-05 
 1.44449200e-02 -7.42199208e-05 
 1.44549200e-02 -7.51921066e-05 
 1.44649200e-02 -7.61610629e-05 
 1.44749200e-02 -7.71267758e-05 
 1.44849200e-02 -7.80892274e-05 
 1.44949200e-02 -7.90484075e-05 
 1.45049200e-02 -8.00042980e-05 
 1.45149200e-02 -8.09568893e-05 
 1.45249200e-02 -8.19061666e-05 
 1.45349200e-02 -8.28521177e-05 
 1.45449200e-02 -8.37947266e-05 
 1.45549200e-02 -8.47339767e-05 
 1.45649200e-02 -8.56698632e-05 
 1.45749200e-02 -8.66023645e-05 
 1.45849200e-02 -8.75314741e-05 
 1.45949200e-02 -8.84571736e-05 
 1.46049200e-02 -8.93794507e-05 
 1.46149200e-02 -9.02982963e-05 
 1.46249200e-02 -9.12136926e-05 
 1.46349200e-02 -9.21256271e-05 
 1.46449200e-02 -9.30340906e-05 
 1.46549200e-02 -9.39390691e-05 
 1.46649200e-02 -9.48405439e-05 
 1.46749200e-02 -9.57385093e-05 
 1.46849200e-02 -9.66329523e-05 
 1.46949200e-02 -9.75238546e-05 
 1.47049200e-02 -9.84112079e-05 
 1.47149200e-02 -9.92950016e-05 
 1.47249200e-02 -1.00175218e-04 
 1.47349200e-02 -1.01051849e-04 
 1.47449200e-02 -1.01924876e-04 
 1.47549200e-02 -1.02794297e-04 
 1.47649200e-02 -1.03660092e-04 
 1.47749200e-02 -1.04522251e-04 
 1.47849200e-02 -1.05380759e-04 
 1.47949200e-02 -1.06235608e-04 
 1.48049200e-02 -1.07086787e-04 
 1.48149200e-02 -1.07934279e-04 
 1.48249200e-02 -1.08778076e-04 
 1.48349200e-02 -1.09618163e-04 
 1.48449200e-02 -1.10454534e-04 
 1.48549200e-02 -1.11287170e-04 
 1.48649200e-02 -1.12116064e-04 
 1.48749200e-02 -1.12941203e-04 
 1.48849200e-02 -1.13762578e-04 
 1.48949200e-02 -1.14580173e-04 
 1.49049200e-02 -1.15393977e-04 
 1.49149200e-02 -1.16203985e-04 
 1.49249200e-02 -1.17010178e-04 
 1.49349200e-02 -1.17812548e-04 
 1.49449200e-02 -1.18611082e-04 
 1.49549200e-02 -1.19405772e-04 
 1.49649200e-02 -1.20196606e-04 
 1.49749200e-02 -1.20983569e-04 
 1.49849200e-02 -1.21766656e-04 
 1.49949200e-02 -1.22545854e-04 
 1.50049200e-02 -1.23321151e-04 
 1.50149200e-02 -1.24092537e-04 
 1.50249200e-02 -1.24860001e-04 
 1.50349200e-02 -1.25623529e-04 
 1.50449200e-02 -1.26383116e-04 
 1.50549200e-02 -1.27138751e-04 
 1.50649200e-02 -1.27890419e-04 
 1.50749200e-02 -1.28638112e-04 
 1.50849200e-02 -1.29381822e-04 
 1.50949200e-02 -1.30121537e-04 
 1.51049200e-02 -1.30857242e-04 
 1.51149200e-02 -1.31588935e-04 
 1.51249200e-02 -1.32316599e-04 
 1.51349200e-02 -1.33040227e-04 
 1.51449200e-02 -1.33759808e-04 
 1.51549200e-02 -1.34475334e-04 
 1.51649200e-02 -1.35186795e-04 
 1.51749200e-02 -1.35894177e-04 
 1.51849200e-02 -1.36597476e-04 
 1.51949200e-02 -1.37296677e-04 
 1.52049200e-02 -1.37991774e-04 
 1.52149200e-02 -1.38682754e-04 
 1.52249200e-02 -1.39369612e-04 
 1.52349200e-02 -1.40052332e-04 
 1.52449200e-02 -1.40730911e-04 
 1.52549200e-02 -1.41405338e-04 
 1.52649200e-02 -1.42075603e-04 
 1.52749200e-02 -1.42741692e-04 
 1.52849200e-02 -1.43403602e-04 
 1.52949200e-02 -1.44061325e-04 
 1.53049200e-02 -1.44714848e-04 
 1.53149200e-02 -1.45364162e-04 
 1.53249200e-02 -1.46009260e-04 
 1.53349200e-02 -1.46650131e-04 
 1.53449200e-02 -1.47286769e-04 
 1.53549200e-02 -1.47919160e-04 
 1.53649200e-02 -1.48547302e-04 
 1.53749200e-02 -1.49171185e-04 
 1.53849200e-02 -1.49790812e-04 
 1.53949200e-02 -1.50421651e-04 
 1.54049200e-02 -1.63746993e-04 
 1.54149200e-02 -1.41639182e-03 
 1.54249200e-02 -3.15168474e-02 
 1.54349200e-02 -2.31737675e-01 
 1.54449200e-02 -5.83932442e-01 
 1.54549200e-02 -9.83286780e-01 
 1.54649200e-02 -1.39196771e+00 
 1.54749200e-02 -1.80194361e+00 
 1.54849200e-02 -2.20463770e+00 
 1.54949200e-02 -2.59727977e+00 
 1.55049200e-02 -2.97902202e+00 
 1.55149200e-02 -3.34924097e+00 
 1.55249200e-02 -3.70758937e+00 
 1.55349200e-02 -4.05393478e+00 
 1.55449200e-02 -4.38827704e+00 
 1.55549200e-02 -4.71070118e+00 
 1.55649200e-02 -5.02134909e+00 
 1.55749200e-02 -5.32040104e+00 
 1.55849200e-02 -5.60806322e+00 
 1.55949200e-02 -5.88455925e+00 
 1.56049200e-02 -6.15012411e+00 
 1.56149200e-02 -6.40499986e+00 
 1.56249200e-02 -6.64943248e+00 
 1.56349200e-02 -6.88366960e+00 
 1.56449200e-02 -7.10795875e+00 
 1.56549200e-02 -7.32254607e+00 
 1.56649200e-02 -7.52767538e+00 
 1.56749200e-02 -7.72358740e+00 
 1.56849200e-02 -7.91051926e+00 
 1.56949200e-02 -8.08870405e+00 
 1.57049200e-02 -8.25837053e+00 
 1.57149200e-02 -8.41974293e+00 
 1.57249200e-02 -8.57304077e+00 
 1.57349200e-02 -8.71847881e+00 
 1.57449200e-02 -8.85626693e+00 
 1.57549200e-02 -8.98661014e+00 
 1.57649200e-02 -9.10970860e+00 
 1.57749200e-02 -9.22575759e+00 
 1.57849200e-02 -9.33494760e+00 
 1.57949200e-02 -9.43746433e+00 
 1.58049200e-02 -9.53348881e+00 
 1.58149200e-02 -9.62319743e+00 
 1.58249200e-02 -9.70676201e+00 
 1.58349200e-02 -9.78434992e+00 
 1.58449200e-02 -9.85612414e+00 
 1.58549200e-02 -9.92224336e+00 
 1.58649200e-02 -9.98286204e+00 
 1.58749200e-02 -1.00381305e+01 
 1.58849200e-02 -1.00881952e+01 
 1.58949200e-02 -1.01331984e+01 
 1.59049200e-02 -1.01732788e+01 
 1.59149200e-02 -1.02085712e+01 
 1.59249200e-02 -1.02392066e+01 
 1.59349200e-02 -1.02653129e+01 
 1.59449200e-02 -1.02870140e+01 
 1.59549200e-02 -1.03044307e+01 
 1.59649200e-02 -1.03176806e+01 
 1.59749200e-02 -1.03268777e+01 
 1.59849200e-02 -1.03321333e+01 
 1.59949200e-02 -1.03335553e+01 
 1.60049200e-02 -1.03312490e+01 
 1.60149200e-02 -1.03253165e+01 
 1.60249200e-02 -1.03158571e+01 
 1.60349200e-02 -1.03029676e+01 
 1.60449200e-02 -1.02867420e+01 
 1.60549200e-02 -1.02672717e+01 
 1.60649200e-02 -1.02446455e+01 
 1.60749200e-02 -1.02189500e+01 
 1.60849200e-02 -1.01902691e+01 
 1.60949200e-02 -1.01586847e+01 
 1.61049200e-02 -1.01242763e+01 
 1.61149200e-02 -1.00871212e+01 
 1.61249200e-02 -1.00472944e+01 
 1.61349200e-02 -1.00048693e+01 
 1.61449200e-02 -9.95991686e+00 
 1.61549200e-02 -9.91250623e+00 
 1.61649200e-02 -9.86270468e+00 
 1.61749200e-02 -9.81057761e+00 
 1.61849200e-02 -9.75618863e+00 
 1.61949200e-02 -9.69959962e+00 
 1.62049200e-02 -9.64087073e+00 
 1.62149200e-02 -9.58006051e+00 
 1.62249200e-02 -9.51722588e+00 
 1.62349200e-02 -9.45242221e+00 
 1.62449200e-02 -9.38570336e+00 
 1.62549200e-02 -9.31712174e+00 
 1.62649200e-02 -9.24672833e+00 
 1.62749200e-02 -9.17457270e+00 
 1.62849200e-02 -9.10070312e+00 
 1.62949200e-02 -9.02516653e+00 
 1.63049200e-02 -8.94800861e+00 
 1.63149200e-02 -8.86927380e+00 
 1.63249200e-02 -8.78900536e+00 
 1.63349200e-02 -8.70724540e+00 
 1.63449200e-02 -8.62403487e+00 
 1.63549200e-02 -8.53941367e+00 
 1.63649200e-02 -8.45342061e+00 
 1.63749200e-02 -8.36609349e+00 
 1.63849200e-02 -8.27746910e+00 
 1.63949200e-02 -8.18758329e+00 
 1.64049200e-02 -8.09647093e+00 
 1.64149200e-02 -8.00416601e+00 
 1.64249200e-02 -7.91070164e+00 
 1.64349200e-02 -7.81611006e+00 
 1.64449200e-02 -7.72042269e+00 
 1.64549200e-02 -7.62367017e+00 
 1.64649200e-02 -7.52588232e+00 
 1.64749200e-02 -7.42708824e+00 
 1.64849200e-02 -7.32731629e+00 
 1.64949200e-02 -7.22659415e+00 
 1.65049200e-02 -7.12494880e+00 
 1.65149200e-02 -7.02240657e+00 
 1.65249200e-02 -6.91899315e+00 
 1.65349200e-02 -6.81473364e+00 
 1.65449200e-02 -6.70965252e+00 
 1.65549200e-02 -6.60377375e+00 
 1.65649200e-02 -6.49712070e+00 
 1.65749200e-02 -6.38971626e+00 
 1.65849200e-02 -6.28158278e+00 
 1.65949200e-02 -6.17274216e+00 
 1.66049200e-02 -6.06321583e+00 
 1.66149200e-02 -5.95302481e+00 
 1.66249200e-02 -5.84218967e+00 
 1.66349200e-02 -5.73073063e+00 
 1.66449200e-02 -5.61866752e+00 
 1.66549200e-02 -5.50601983e+00 
 1.66649200e-02 -5.39280675e+00 
 1.66749200e-02 -5.27904717e+00 
 1.66849200e-02 -5.16475971e+00 
 1.66949200e-02 -5.04996277e+00 
 1.67049200e-02 -4.93467451e+00 
 1.67149200e-02 -4.81891297e+00 
 1.67249200e-02 -4.70269599e+00 
 1.67349200e-02 -4.58604134e+00 
 1.67449200e-02 -4.46896672e+00 
 1.67549200e-02 -4.35148982e+00 
 1.67649200e-02 -4.23362832e+00 
 1.67749200e-02 -4.11540003e+00 
 1.67849200e-02 -3.99682285e+00 
 1.67949200e-02 -3.87791491e+00 
 1.68049200e-02 -3.75869463e+00 
 1.68149200e-02 -3.63918078e+00 
 1.68249200e-02 -3.51939260e+00 
 1.68349200e-02 -3.39934991e+00 
 1.68449200e-02 -3.27907324e+00 
 1.68549200e-02 -3.15858398e+00 
 1.68649200e-02 -3.03790459e+00 
 1.68749200e-02 -2.91705878e+00 
 1.68849200e-02 -2.79607180e+00 
 1.68949200e-02 -2.67497073e+00 
 1.69049200e-02 -2.55378486e+00 
 1.69149200e-02 -2.43254621e+00 
 1.69249200e-02 -2.31129001e+00 
 1.69349200e-02 -2.19005551e+00 
 1.69449200e-02 -2.06888682e+00 
 1.69549200e-02 -1.94783408e+00 
 1.69649200e-02 -1.82695495e+00 
 1.69749200e-02 -1.70631647e+00 
 1.69849200e-02 -1.58599766e+00 
 1.69949200e-02 -1.46609281e+00 
 1.70049200e-02 -1.34671608e+00 
 1.70149200e-02 -1.22800779e+00 
 1.70249200e-02 -1.11014322e+00 
 1.70349200e-02 -9.93345154e-01 
 1.70449200e-02 -8.77902252e-01 
 1.70549200e-02 -7.64196292e-01 
 1.70649200e-02 -6.52743570e-01 
 1.70749200e-02 -5.44258858e-01 
 1.70849200e-02 -4.39755119e-01 
 1.70949200e-02 -3.40696989e-01 
 1.71049200e-02 -2.49220814e-01 
 1.71149200e-02 -1.68375759e-01 
 1.71249200e-02 -1.02475179e-01 
 1.71349200e-02 -5.44947726e-02 
 1.71449200e-02 -2.52054444e-02 
 1.71549200e-02 -1.04095126e-02 
 1.71649200e-02 -3.99552888e-03 
 1.71749200e-02 -1.50156212e-03 
 1.71849200e-02 -5.83250157e-04 
 1.71949200e-02 -2.70354750e-04 
 1.72049200e-02 -1.83013503e-04 
 1.72149200e-02 -1.68040686e-04 
 1.72249200e-02 -1.66116119e-04 
 1.72349200e-02 -1.65704764e-04 
 1.72449200e-02 -1.65438855e-04 
 1.72549200e-02 -1.65182599e-04 
 1.72649200e-02 -1.64922923e-04 
 1.72749200e-02 -1.64658636e-04 
 1.72849200e-02 -1.64389659e-04 
 1.72949200e-02 -1.64115973e-04 
 1.73049200e-02 -1.63837598e-04 
 1.73149200e-02 -1.63554519e-04 
 1.73249200e-02 -1.63266758e-04 
 1.73349200e-02 -1.62974309e-04 
 1.73449200e-02 -1.62677182e-04 
 1.73549200e-02 -1.62375378e-04 
 1.73649200e-02 -1.62068907e-04 
 1.73749200e-02 -1.61757765e-04 
 1.73849200e-02 -1.61441962e-04 
 1.73949200e-02 -1.61121505e-04 
 1.74049200e-02 -1.60796392e-04 
 1.74149200e-02 -1.60466634e-04 
 1.74249200e-02 -1.60132236e-04 
 1.74349200e-02 -1.59793201e-04 
 1.74449200e-02 -1.59449532e-04 
 1.74549200e-02 -1.59101238e-04 
 1.74649200e-02 -1.58748325e-04 
 1.74749200e-02 -1.58390794e-04 
 1.74849200e-02 -1.58028657e-04 
 1.74949200e-02 -1.57661912e-04 
 1.75049200e-02 -1.57290570e-04 
 1.75149200e-02 -1.56914634e-04 
 1.75249200e-02 -1.56534107e-04 
 1.75349200e-02 -1.56149003e-04 
 1.75449200e-02 -1.55759319e-04 
 1.75549200e-02 -1.55365071e-04 
 1.75649200e-02 -1.54966252e-04 
 1.75749200e-02 -1.54562878e-04 
 1.75849200e-02 -1.54154955e-04 
 1.75949200e-02 -1.53742483e-04 
 1.76049200e-02 -1.53325471e-04 
 1.76149200e-02 -1.52903927e-04 
 1.76249200e-02 -1.52477858e-04 
 1.76349200e-02 -1.52047266e-04 
 1.76449200e-02 -1.51612162e-04 
 1.76549200e-02 -1.51172549e-04 
 1.76649200e-02 -1.50728435e-04 
 1.76749200e-02 -1.50279829e-04 
 1.76849200e-02 -1.49826733e-04 
 1.76949200e-02 -1.49369160e-04 
 1.77049200e-02 -1.48907112e-04 
 1.77149200e-02 -1.48440595e-04 
 1.77249200e-02 -1.47969622e-04 
 1.77349200e-02 -1.47494192e-04 
 1.77449200e-02 -1.47014319e-04 
 1.77549200e-02 -1.46530010e-04 
 1.77649200e-02 -1.46041266e-04 
 1.77749200e-02 -1.45548100e-04 
 1.77849200e-02 -1.45050522e-04 
 1.77949200e-02 -1.44548530e-04 
 1.78049200e-02 -1.44042137e-04 
 1.78149200e-02 -1.43531352e-04 
 1.78249200e-02 -1.43016182e-04 
 1.78349200e-02 -1.42496632e-04 
 1.78449200e-02 -1.41972711e-04 
 1.78549200e-02 -1.41444427e-04 
 1.78649200e-02 -1.40911792e-04 
 1.78749200e-02 -1.40374807e-04 
 1.78849200e-02 -1.39833483e-04 
 1.78949200e-02 -1.39287830e-04 
 1.79049200e-02 -1.38737851e-04 
 1.79149200e-02 -1.38183559e-04 
 1.79249200e-02 -1.37624963e-04 
 1.79349200e-02 -1.37062067e-04 
 1.79449200e-02 -1.36494882e-04 
 1.79549200e-02 -1.35923420e-04 
 1.79649200e-02 -1.35347680e-04 
 1.79749200e-02 -1.34767679e-04 
 1.79849200e-02 -1.34183421e-04 
 1.79949200e-02 -1.33594919e-04 
 1.80049200e-02 -1.33002176e-04 
 1.80149200e-02 -1.32405206e-04 
 1.80249200e-02 -1.31804016e-04 
 1.80349200e-02 -1.31198613e-04 
 1.80449200e-02 -1.30589012e-04 
 1.80549200e-02 -1.29975216e-04 
 1.80649200e-02 -1.29357237e-04 
 1.80749200e-02 -1.28735082e-04 
 1.80849200e-02 -1.28108759e-04 
 1.80949200e-02 -1.27478284e-04 
 1.81049200e-02 -1.26843659e-04 
 1.81149200e-02 -1.26204899e-04 
 1.81249200e-02 -1.25562014e-04 
 1.81349200e-02 -1.24915007e-04 
 1.81449200e-02 -1.24263893e-04 
 1.81549200e-02 -1.23608676e-04 
 1.81649200e-02 -1.22949374e-04 
 1.81749200e-02 -1.22285991e-04 
 1.81849200e-02 -1.21618538e-04 
 1.81949200e-02 -1.20947027e-04 
 1.82049200e-02 -1.20271466e-04 
 1.82149200e-02 -1.19591865e-04 
 1.82249200e-02 -1.18908235e-04 
 1.82349200e-02 -1.18220582e-04 
 1.82449200e-02 -1.17528922e-04 
 1.82549200e-02 -1.16833266e-04 
 1.82649200e-02 -1.16133617e-04 
 1.82749200e-02 -1.15429991e-04 
 1.82849200e-02 -1.14722398e-04 
 1.82949200e-02 -1.14010848e-04 
 1.83049200e-02 -1.13295351e-04 
 1.83149200e-02 -1.12575918e-04 
 1.83249200e-02 -1.11852559e-04 
 1.83349200e-02 -1.11125286e-04 
 1.83449200e-02 -1.10394110e-04 
 1.83549200e-02 -1.09659039e-04 
 1.83649200e-02 -1.08920084e-04 
 1.83749200e-02 -1.08177262e-04 
 1.83849200e-02 -1.07430578e-04 
 1.83949200e-02 -1.06680046e-04 
 1.84049200e-02 -1.05925675e-04 
 1.84149200e-02 -1.05167477e-04 
 1.84249200e-02 -1.04405465e-04 
 1.84349200e-02 -1.03639648e-04 
 1.84449200e-02 -1.02870036e-04 
 1.84549200e-02 -1.02096645e-04 
 1.84649200e-02 -1.01319485e-04 
 1.84749200e-02 -1.00538565e-04 
 1.84849200e-02 -9.97539014e-05 
 1.84949200e-02 -9.89654992e-05 
 1.85049200e-02 -9.81733743e-05 
 1.85149200e-02 -9.73775402e-05 
 1.85249200e-02 -9.65780042e-05 
 1.85349200e-02 -9.57747830e-05 
 1.85449200e-02 -9.49678824e-05 
 1.85549200e-02 -9.41573187e-05 
 1.85649200e-02 -9.33431068e-05 
 1.85749200e-02 -9.25252508e-05 
 1.85849200e-02 -9.17037704e-05 
 1.85949200e-02 -9.08786734e-05 
 1.86049200e-02 -9.00499754e-05 
 1.86149200e-02 -8.92176859e-05 
 1.86249200e-02 -8.83818167e-05 
 1.86349200e-02 -8.75423854e-05 
 1.86449200e-02 -8.66993968e-05 
 1.86549200e-02 -8.58528714e-05 
 1.86649200e-02 -8.50028166e-05 
 1.86749200e-02 -8.41492470e-05 
 1.86849200e-02 -8.32921741e-05 
 1.86949200e-02 -8.24316147e-05 
 1.87049200e-02 -8.15675771e-05 
 1.87149200e-02 -8.07000741e-05 
 1.87249200e-02 -7.98291229e-05 
 1.87349200e-02 -7.89547343e-05 
 1.87449200e-02 -7.80769216e-05 
 1.87549200e-02 -7.71956977e-05 
 1.87649200e-02 -7.63110749e-05 
 1.87749200e-02 -7.54230695e-05 
 1.87849200e-02 -7.45316909e-05 
 1.87949200e-02 -7.36369541e-05 
 1.88049200e-02 -7.27388770e-05 
 1.88149200e-02 -7.18374674e-05 
 1.88249200e-02 -7.09327390e-05 
 1.88349200e-02 -7.00247089e-05 
 1.88449200e-02 -6.91133912e-05 
 1.88549200e-02 -6.81987978e-05 
 1.88649200e-02 -6.72809410e-05 
 1.88749200e-02 -6.63598375e-05 
 1.88849200e-02 -6.54355030e-05 
 1.88949200e-02 -6.45079489e-05 
 1.89049200e-02 -6.35771885e-05 
 1.89149200e-02 -6.26432387e-05 
 1.89249200e-02 -6.17061128e-05 
 1.89349200e-02 -6.07658244e-05 
 1.89449200e-02 -5.98223890e-05 
 1.89549200e-02 -5.88758222e-05 
 1.89649200e-02 -5.79261388e-05 
 1.89749200e-02 -5.69733513e-05 
 1.89849200e-02 -5.60174755e-05 
 1.89949200e-02 -5.50585291e-05 
 1.90049200e-02 -5.40965237e-05 
 1.90149200e-02 -5.31314807e-05 
 1.90249200e-02 -5.21634071e-05 
 1.90349200e-02 -5.11923229e-05 
 1.90449200e-02 -5.02182435e-05 
 1.90549200e-02 -4.92411857e-05 
 1.90649200e-02 -4.82611640e-05 
 1.90749200e-02 -4.72781945e-05 
 1.90849200e-02 -4.62922924e-05 
 1.90949200e-02 -4.53034764e-05 
 1.91049200e-02 -4.43117636e-05 
 1.91149200e-02 -4.33171694e-05 
 1.91249200e-02 -4.23197082e-05 
 1.91349200e-02 -4.13194041e-05 
 1.91449200e-02 -4.03162679e-05 
 1.91549200e-02 -3.93103219e-05 
 1.91649200e-02 -3.83015852e-05 
 1.91749200e-02 -3.72900692e-05 
 1.91849200e-02 -3.62757993e-05 
 1.91949200e-02 -3.52587929e-05 
 1.92049200e-02 -3.42390685e-05 
 1.92149200e-02 -3.32166459e-05 
 1.92249200e-02 -3.21915485e-05 
 1.92349200e-02 -3.11637942e-05 
 1.92449200e-02 -3.01334102e-05 
 1.92549200e-02 -2.91004136e-05 
 1.92649200e-02 -2.80648340e-05 
 1.92749200e-02 -2.70266914e-05 
 1.92849200e-02 -2.59860122e-05 
 1.92949200e-02 -2.49428256e-05 
 1.93049200e-02 -2.38971616e-05 
 1.93149200e-02 -2.28490484e-05 
 1.93249200e-02 -2.17985201e-05 
 1.93349200e-02 -2.07456149e-05 
 1.93449200e-02 -1.96903702e-05 
 1.93549200e-02 -1.86328277e-05 
 1.93649200e-02 -1.75730414e-05 
 1.93749200e-02 -1.65110619e-05 
 1.93849200e-02 -1.54469501e-05 
 1.93949200e-02 -1.43807841e-05 
 1.94049200e-02 -1.33126488e-05 
 1.94149200e-02 -1.22426433e-05 
 1.94249200e-02 -1.11709048e-05 
 1.94349200e-02 -1.00975873e-05 
 1.94449200e-02 -9.02290918e-06 
 1.94549200e-02 -7.94715234e-06 
 1.94649200e-02 -6.87072087e-06 
 1.94749200e-02 -5.79421029e-06 
 1.94849200e-02 -4.71856666e-06 
 1.94949200e-02 -3.64542871e-06 
 1.95049200e-02 -2.57802025e-06 
 1.95149200e-02 -1.52407387e-06 
 1.95249200e-02 -5.09738953e-07 
 1.95349200e-02  2.92767652e-07 
 1.95449200e-02  9.09075482e-09 
 1.95549200e-02 -1.57548641e-10 
 1.95649200e-02 -1.56553881e-10 
 1.95749200e-02 -1.55445434e-10 
 1.95849200e-02 -1.54457780e-10 
 1.95949200e-02 -1.53001167e-10 
 1.96049200e-02 -1.52013513e-10 
 1.96149200e-02 -1.50876645e-10 
 1.96249200e-02 -1.49789514e-10 
 1.96349200e-02 -1.48688173e-10 
 1.96449200e-02 -1.47494461e-10 
 1.96549200e-02 -1.46293644e-10 
 1.96649200e-02 -1.45199408e-10 
 1.96749200e-02 -1.44005696e-10 
 1.96849200e-02 -1.42897250e-10 
 1.96949200e-02 -1.41760381e-10 
 1.97049200e-02 -1.40524037e-10 
 1.97149200e-02 -1.39387168e-10 
 1.97249200e-02 -1.38172140e-10 
 1.97349200e-02 -1.37028167e-10 
 1.97449200e-02 -1.35869982e-10 
 1.97549200e-02 -1.34654954e-10 
 1.97649200e-02 -1.33518085e-10 
 1.97749200e-02 -1.32317268e-10 
 1.97849200e-02 -1.31144873e-10 
 1.97949200e-02 -1.29915634e-10 
 1.98049200e-02 -1.28757449e-10 
 1.98149200e-02 -1.27574395e-10 
 1.98249200e-02 -1.26341604e-10 
 1.98349200e-02 -1.25194077e-10 
 1.98449200e-02 -1.23943522e-10 
 1.98549200e-02 -1.22795996e-10 
 1.98649200e-02 -1.21566757e-10 
 1.98749200e-02 -1.20369492e-10 
 1.98849200e-02 -1.19154464e-10 
 1.98949200e-02 -1.17989174e-10 
 1.99049200e-02 -1.16784804e-10 
 1.99149200e-02 -1.15576881e-10 
 1.99249200e-02 -1.14336984e-10 
 1.99349200e-02 -1.13161036e-10 
 1.99449200e-02 -1.11917586e-10 
 1.99549200e-02 -1.10752296e-10 
 1.99649200e-02 -1.09505294e-10 
 1.99749200e-02 -1.08272502e-10 
 1.99849200e-02 -1.07103659e-10 
 1.99949200e-02 -1.05863762e-10 
 2.00049200e-02 -1.04620312e-10 
 2.00149200e-02 -1.03415942e-10 
 2.00249200e-02 -1.02151176e-10 
 2.00349200e-02 -1.00950359e-10 
 2.00449200e-02 -9.97175675e-11 
 2.00549200e-02 -9.85025395e-11 
 2.00649200e-02 -9.72768532e-11 
 2.00749200e-02 -9.60334035e-11 
 2.00849200e-02 -9.47970591e-11 
 2.00949200e-02 -9.35571620e-11 
 2.01049200e-02 -9.23492394e-11 
 2.01149200e-02 -9.10880260e-11 
 2.01249200e-02 -8.98658925e-11 
 2.01349200e-02 -8.86402063e-11 
 2.01449200e-02 -8.73647821e-11 
 2.01549200e-02 -8.61355431e-11 
 2.01649200e-02 -8.49098569e-11 
 2.01749200e-02 -8.36735126e-11 
 2.01849200e-02 -8.24087465e-11 
 2.01949200e-02 -8.11546386e-11 
 2.02049200e-02 -7.99218469e-11 
 2.02149200e-02 -7.86322119e-11 
 2.02249200e-02 -7.74171838e-11 
 2.02349200e-02 -7.61737340e-11 
 2.02449200e-02 -7.49089679e-11 
 2.02549200e-02 -7.36513073e-11 
 2.02649200e-02 -7.24043048e-11 
 2.02749200e-02 -7.11857240e-11 
 2.02849200e-02 -6.98783253e-11 
 2.02949200e-02 -6.86419810e-11 
 2.03049200e-02 -6.73701095e-11 
 2.03149200e-02 -6.61124488e-11 
 2.03249200e-02 -6.48761045e-11 
 2.03349200e-02 -6.36202202e-11 
 2.03449200e-02 -6.23376906e-11 
 2.03549200e-02 -6.10889117e-11 
 2.03649200e-02 -5.98223693e-11 
 2.03749200e-02 -5.85522741e-11 
 2.03849200e-02 -5.72750736e-11 
 2.03949200e-02 -5.60245184e-11 
 2.04049200e-02 -5.47597523e-11 
 2.04149200e-02 -5.34932099e-11 
 2.04249200e-02 -5.22355492e-11 
 2.04349200e-02 -5.09547959e-11 
 2.04449200e-02 -4.96847008e-11 
 2.04549200e-02 -4.84146057e-11 
 2.04649200e-02 -4.71356287e-11 
 2.04749200e-02 -4.58744154e-11 
 2.04849200e-02 -4.45901094e-11 
 2.04949200e-02 -4.33360015e-11 
 2.05049200e-02 -4.20570245e-11 
 2.05149200e-02 -4.07656131e-11 
 2.05249200e-02 -3.95079525e-11 
 2.05349200e-02 -3.82325283e-11 
 2.05449200e-02 -3.69464459e-11 
 2.05549200e-02 -3.56727980e-11 
 2.05649200e-02 -3.44062556e-11 
 2.05749200e-02 -3.31095151e-11 
 2.05849200e-02 -3.18429727e-11 
 2.05949200e-02 -3.05613312e-11 
 2.06049200e-02 -2.92788016e-11 
 2.06149200e-02 -2.79989365e-11 
 2.06249200e-02 -2.67315059e-11 
 2.06349200e-02 -2.54507526e-11 
 2.06449200e-02 -2.41628939e-11 
 2.06549200e-02 -2.28892461e-11 
 2.06649200e-02 -2.16013873e-11 
 2.06749200e-02 -2.03153050e-11 
 2.06849200e-02 -1.90398808e-11 
 2.06949200e-02 -1.77600157e-11 
 2.07049200e-02 -1.64801506e-11 
 2.07149200e-02 -1.51967328e-11 
 2.07249200e-02 -1.39128709e-11 
 2.07349200e-02 -1.26281208e-11 
 2.07449200e-02 -1.13482557e-11 
 2.07549200e-02 -1.00639497e-11 
 2.07649200e-02 -8.78142004e-12 
 2.07749200e-02 -7.49822426e-12 
 2.07849200e-02 -6.21436236e-12 
 2.07949200e-02 -4.93161068e-12 
 2.08049200e-02 -3.64808184e-12 
 2.08149200e-02 -2.36377584e-12 
 2.08249200e-02 -1.07985842e-12 
 2.08349200e-02  2.03614903e-13 
 2.08449200e-02  1.48775436e-12 
 2.08549200e-02  2.77033951e-12 
 2.08649200e-02  4.05342426e-12 
 2.08749200e-02  5.33950661e-12 
 2.08849200e-02  6.62381261e-12 
 2.08949200e-02  7.90678634e-12 
 2.09049200e-02  9.19087029e-12 
 2.09149200e-02  1.04747322e-11 
 2.09249200e-02  1.17550414e-11 
 2.09349200e-02  1.30389033e-11 
 2.09449200e-02  1.43196566e-11 
 2.09549200e-02  1.56017421e-11 
 2.09649200e-02  1.68842718e-11 
 2.09749200e-02  1.81668014e-11 
 2.09849200e-02  1.94475547e-11 
 2.09949200e-02  2.07283080e-11 
 2.10049200e-02  2.20126140e-11 
 2.10149200e-02  2.32969199e-11 
 2.10249200e-02  2.45750087e-11 
 2.10349200e-02  2.58566502e-11 
 2.10449200e-02  2.71329625e-11 
 2.10549200e-02  2.84172685e-11 
 2.10649200e-02  2.96909164e-11 
 2.10749200e-02  3.09734460e-11 
 2.10849200e-02  3.22604166e-11 
 2.10949200e-02  3.35269590e-11 
 2.11049200e-02  3.47881723e-11 
 2.11149200e-02  3.60671493e-11 
 2.11249200e-02  3.73461262e-11 
 2.11349200e-02  3.86251031e-11 
 2.11449200e-02  3.99076328e-11 
 2.11549200e-02  4.11937151e-11 
 2.11649200e-02  4.24513757e-11 
 2.11749200e-02  4.37250236e-11 
 2.11849200e-02  4.50111060e-11 
 2.11949200e-02  4.62829775e-11 
 2.12049200e-02  4.75424144e-11 
 2.12149200e-02  4.88089569e-11 
 2.12249200e-02  5.00826047e-11 
 2.12349200e-02  5.13562526e-11 
 2.12449200e-02  5.26370059e-11 
 2.12549200e-02  5.38999956e-11 
 2.12649200e-02  5.51612089e-11 
 2.12749200e-02  5.64419622e-11 
 2.12849200e-02  5.76871884e-11 
 2.12949200e-02  5.89732707e-11 
 2.13049200e-02  6.02220496e-11 
 2.13149200e-02  6.14850393e-11 
 2.13249200e-02  6.27640162e-11 
 2.13349200e-02  6.40127951e-11 
 2.13449200e-02  6.52633503e-11 
 2.13549200e-02  6.65245636e-11 
 2.13649200e-02  6.77893297e-11 
 2.13749200e-02  6.90647539e-11 
 2.13849200e-02  7.02868874e-11 
 2.13949200e-02  7.15765225e-11 
 2.14049200e-02  7.28306304e-11 
 2.14149200e-02  7.40492112e-11 
 2.14249200e-02  7.53388463e-11 
 2.14349200e-02  7.65787433e-11 
 2.14449200e-02  7.78435094e-11 
 2.14549200e-02  7.90656429e-11 
 2.14649200e-02  8.03055400e-11 
 2.14749200e-02  8.15738588e-11 
 2.14849200e-02  8.28173086e-11 
 2.14949200e-02  8.40465475e-11 
 2.15049200e-02  8.52971027e-11 
 2.15149200e-02  8.65263416e-11 
 2.15249200e-02  8.77662387e-11 
 2.15349200e-02  8.90345575e-11 
 2.15449200e-02  9.02744546e-11 
 2.15549200e-02  9.14823772e-11 
 2.15649200e-02  9.27187216e-11 
 2.15749200e-02  9.39905931e-11 
 2.15849200e-02  9.51914103e-11 
 2.15949200e-02  9.64206492e-11 
 2.16049200e-02  9.76640990e-11 
 2.16149200e-02  9.88826798e-11 
 2.16249200e-02  1.00097708e-10 
 2.16349200e-02  1.01383790e-10 
 2.16449200e-02  1.02541975e-10 
 2.16549200e-02  1.03781872e-10 
 2.16649200e-02  1.05004005e-10 
 2.16749200e-02  1.06258113e-10 
 2.16849200e-02  1.07441167e-10 
 2.16949200e-02  1.08681064e-10 
 2.17049200e-02  1.09906750e-10 
 2.17149200e-02  1.11125331e-10 
 2.17249200e-02  1.12290621e-10 
 2.17349200e-02  1.13537624e-10 
 2.17449200e-02  1.14756205e-10 
 2.17549200e-02  1.15896626e-10 
 2.17649200e-02  1.17140075e-10 
 2.17749200e-02  1.18390631e-10 
 2.17849200e-02  1.19563026e-10 
 2.17949200e-02  1.20760291e-10 
 2.18049200e-02  1.21964661e-10 
 2.18149200e-02  1.23144162e-10 
 2.18249200e-02  1.24320110e-10 
 2.18349200e-02  1.25577770e-10 
 2.18449200e-02  1.26714639e-10 
 2.18549200e-02  1.27904798e-10 
 2.18649200e-02  1.29105615e-10 
 2.18749200e-02  1.30263800e-10 
 2.18849200e-02  1.31493039e-10 
 2.18949200e-02  1.32693856e-10 
 2.19049200e-02  1.33866251e-10 
 2.19149200e-02  1.35031542e-10 
 2.19249200e-02  1.36203937e-10 
 2.19349200e-02  1.37390543e-10 
 2.19449200e-02  1.38513201e-10 
 2.19549200e-02  1.39735334e-10 
 2.19649200e-02  1.40900625e-10 
 2.19749200e-02  1.42044598e-10 
 2.19849200e-02  1.43209888e-10 
 2.19949200e-02  1.44353862e-10 
 2.20049200e-02  1.45483625e-10 
 2.20149200e-02  1.46563650e-10 
 2.20249200e-02  1.47572621e-10 
 2.20349200e-02  1.49043444e-10 
 2.20449200e-02  1.50002677e-10 
 2.20549200e-02  1.51352708e-10 
 2.20649200e-02  1.52709845e-10 
 2.20749200e-02  1.59893432e-10 
 2.20849200e-02  8.16989356e-08 
 2.20949200e-02  9.37331222e-07 
 2.21049200e-02  1.88314113e-06 
 2.21149200e-02  2.91954077e-06 
 2.21249200e-02  4.04650292e-06 
 2.21349200e-02  5.26355363e-06 
 2.21449200e-02  6.56641684e-06 
 2.21549200e-02  7.88185605e-06 
 2.21649200e-02  8.68965799e-06 
 2.21749200e-02  9.58817122e-06 
 2.21849200e-02  1.06780182e-05 
 2.21949200e-02  1.18585339e-05 
 2.22049200e-02  1.31294148e-05 
 2.22149200e-02  1.44863767e-05 
 2.22249200e-02  1.57933604e-05 
 2.22349200e-02  1.66182994e-05 
 2.22449200e-02  1.75337819e-05 
 2.22549200e-02  1.86823719e-05 
 2.22649200e-02  1.99209504e-05 
 2.22749200e-02  2.12436888e-05 
 2.22849200e-02  2.25056417e-05 
 2.22949200e-02  2.34648391e-05 
 2.23049200e-02  2.45115903e-05 
 2.23149200e-02  2.56448333e-05 
 2.23249200e-02  2.68545610e-05 
 2.23349200e-02  2.80529523e-05 
 2.23449200e-02  2.90823240e-05 
 2.23549200e-02  3.01818200e-05 
 2.23649200e-02  3.13262007e-05 
 2.23749200e-02  3.24317551e-05 
 2.23849200e-02  3.35267439e-05 
 2.23949200e-02  3.46140697e-05 
 2.24049200e-02  3.56987472e-05 
 2.24149200e-02  3.67806910e-05 
 2.24249200e-02  3.78600027e-05 
 2.24349200e-02  3.89366641e-05 
 2.24449200e-02  4.00106569e-05 
 2.24549200e-02  4.10819624e-05 
 2.24649200e-02  4.21505597e-05 
 2.24749200e-02  4.32164285e-05 
 2.24849200e-02  4.42795530e-05 
 2.24949200e-02  4.53399179e-05 
 2.25049200e-02  4.63975039e-05 
 2.25149200e-02  4.74522929e-05 
 2.25249200e-02  4.85042627e-05 
 2.25349200e-02  4.95534072e-05 
 2.25449200e-02  5.05997036e-05 
 2.25549200e-02  5.16431325e-05 
 2.25649200e-02  5.26836802e-05 
 2.25749200e-02  5.37213339e-05 
 2.25849200e-02  5.47560715e-05 
 2.25949200e-02  5.57878796e-05 
 2.26049200e-02  5.68167462e-05 
 2.26149200e-02  5.78426495e-05 
 2.26249200e-02  5.88655788e-05 
 2.26349200e-02  5.98855122e-05 
 2.26449200e-02  6.09024423e-05 
 2.26549200e-02  6.19163488e-05 
 2.26649200e-02  6.29272175e-05 
 2.26749200e-02  6.39350317e-05 
 2.26849200e-02  6.49397808e-05 
 2.26949200e-02  6.59414470e-05 
 2.27049200e-02  6.69400178e-05 
 2.27149200e-02  6.79354759e-05 
 2.27249200e-02  6.89278079e-05 
 2.27349200e-02  6.99169952e-05 
 2.27449200e-02  7.09030304e-05 
 2.27549200e-02  7.18858954e-05 
 2.27649200e-02  7.28655734e-05 
 2.27749200e-02  7.38420558e-05 
 2.27849200e-02  7.48153249e-05 
 2.27949200e-02  7.57853670e-05 
 2.28049200e-02  7.67521712e-05 
 2.28149200e-02  7.77157153e-05 
 2.28249200e-02  7.86759953e-05 
 2.28349200e-02  7.96329903e-05 
 2.28449200e-02  8.05866934e-05 
 2.28549200e-02  8.15370843e-05 
 2.28649200e-02  8.24841503e-05 
 2.28749200e-02  8.34278791e-05 
 2.28849200e-02  8.43682606e-05 
 2.28949200e-02  8.53052787e-05 
 2.29049200e-02  8.62389148e-05 
 2.29149200e-02  8.71691636e-05 
 2.29249200e-02  8.80960097e-05 
 2.29349200e-02  8.90194371e-05 
 2.29449200e-02  8.99394349e-05 
 2.29549200e-02  9.08559881e-05 
 2.29649200e-02  9.17690855e-05 
 2.29749200e-02  9.26787182e-05 
 2.29849200e-02  9.35848631e-05 
 2.29949200e-02  9.44875176e-05 
 2.30049200e-02  9.53866587e-05 
 2.30149200e-02  9.62822832e-05 
 2.30249200e-02  9.71743781e-05 
 2.30349200e-02  9.80629199e-05 
 2.30449200e-02  9.89479102e-05 
 2.30549200e-02  9.98293275e-05 
 2.30649200e-02  1.00707162e-04 
 2.30749200e-02  1.01581399e-04 
 2.30849200e-02  1.02452031e-04 
 2.30949200e-02  1.03319043e-04 
 2.31049200e-02  1.04182421e-04 
 2.31149200e-02  1.05042158e-04 
 2.31249200e-02  1.05898237e-04 
 2.31349200e-02  1.06750646e-04 
 2.31449200e-02  1.07599379e-04 
 2.31549200e-02  1.08444415e-04 
 2.31649200e-02  1.09285748e-04 
 2.31749200e-02  1.10123366e-04 
 2.31849200e-02  1.10957257e-04 
 2.31949200e-02  1.11787407e-04 
 2.32049200e-02  1.12613805e-04 
 2.32149200e-02  1.13436445e-04 
 2.32249200e-02  1.14255307e-04 
 2.32349200e-02  1.15070383e-04 
 2.32449200e-02  1.15881666e-04 
 2.32549200e-02  1.16689138e-04 
 2.32649200e-02  1.17492791e-04 
 2.32749200e-02  1.18292612e-04 
 2.32849200e-02  1.19088593e-04 
 2.32949200e-02  1.19880721e-04 
 2.33049200e-02  1.20668986e-04 
 2.33149200e-02  1.21453373e-04 
 2.33249200e-02  1.22233876e-04 
 2.33349200e-02  1.23010481e-04 
 2.33449200e-02  1.23783177e-04 
 2.33549200e-02  1.24551959e-04 
 2.33649200e-02  1.25316809e-04 
 2.33749200e-02  1.26077719e-04 
 2.33849200e-02  1.26834681e-04 
 2.33949200e-02  1.27587678e-04 
 2.34049200e-02  1.28336706e-04 
 2.34149200e-02  1.29081751e-04 
 2.34249200e-02  1.29822806e-04 
 2.34349200e-02  1.30559857e-04 
 2.34449200e-02  1.31292895e-04 
 2.34549200e-02  1.32021910e-04 
 2.34649200e-02  1.32746894e-04 
 2.34749200e-02  1.33467834e-04 
 2.34849200e-02  1.34184721e-04 
 2.34949200e-02  1.34897544e-04 
 2.35049200e-02  1.35606295e-04 
 2.35149200e-02  1.36310963e-04 
 2.35249200e-02  1.37011539e-04 
 2.35349200e-02  1.37708012e-04 
 2.35449200e-02  1.38400371e-04 
 2.35549200e-02  1.39088613e-04 
 2.35649200e-02  1.39772720e-04 
 2.35749200e-02  1.40452689e-04 
 2.35849200e-02  1.41128511e-04 
 2.35949200e-02  1.41800170e-04 
 2.36049200e-02  1.42467661e-04 
 2.36149200e-02  1.43130974e-04 
 2.36249200e-02  1.43790101e-04 
 2.36349200e-02  1.44445032e-04 
 2.36449200e-02  1.45095755e-04 
 2.36549200e-02  1.45742268e-04 
 2.36649200e-02  1.46384557e-04 
 2.36749200e-02  1.47022614e-04 
 2.36849200e-02  1.47656430e-04 
 2.36949200e-02  1.48285999e-04 
 2.37049200e-02  1.48911307e-04 
 2.37149200e-02  1.49532354e-04 
 2.37249200e-02  1.50149634e-04 
 2.37349200e-02  1.51232028e-04 
 2.37449200e-02  3.35412977e-04 
 2.37549200e-02  6.98236593e-03 
 2.37649200e-02  1.03030470e-01 
 2.37749200e-02  3.96477592e-01 
 2.37849200e-02  7.77593799e-01 
 2.37949200e-02  1.18599993e+00 
 2.38049200e-02  1.59524927e+00 
 2.38149200e-02  2.00100444e+00 
 2.38249200e-02  2.39830089e+00 
 2.38349200e-02  2.78514210e+00 
 2.38449200e-02  3.16072817e+00 
 2.38549200e-02  3.52459519e+00 
 2.38649200e-02  3.87651807e+00 
 2.38749200e-02  4.21643716e+00 
 2.38849200e-02  4.54439866e+00 
 2.38949200e-02  4.86051841e+00 
 2.39049200e-02  5.16495891e+00 
 2.39149200e-02  5.45791431e+00 
 2.39249200e-02  5.73960005e+00 
 2.39349200e-02  6.01024572e+00 
 2.39449200e-02  6.27009000e+00 
 2.39549200e-02  6.51937696e+00 
 2.39649200e-02  6.75835336e+00 
 2.39749200e-02  6.98726671e+00 
 2.39849200e-02  7.20636372e+00 
 2.39949200e-02  7.41588924e+00 
 2.40049200e-02  7.61608538e+00 
 2.40149200e-02  7.80719089e+00 
 2.40249200e-02  7.98944072e+00 
 2.40349200e-02  8.16306560e+00 
 2.40449200e-02  8.32829185e+00 
 2.40549200e-02  8.48534116e+00 
 2.40649200e-02  8.63443049e+00 
 2.40749200e-02  8.77577198e+00 
 2.40849200e-02  8.90957290e+00 
 2.40949200e-02  9.03603565e+00 
 2.41049200e-02  9.15535779e+00 
 2.41149200e-02  9.26773202e+00 
 2.41249200e-02  9.37334628e+00 
 2.41349200e-02  9.47238377e+00 
 2.41449200e-02  9.56502305e+00 
 2.41549200e-02  9.65143806e+00 
 2.41649200e-02  9.73179825e+00 
 2.41749200e-02  9.80626864e+00 
 2.41849200e-02  9.87500993e+00 
 2.41949200e-02  9.93817855e+00 
 2.42049200e-02  9.99592679e+00 
 2.42149200e-02  1.00484029e+01 
 2.42249200e-02  1.00957510e+01 
 2.42349200e-02  1.01381116e+01 
 2.42449200e-02  1.01756212e+01 
 2.42549200e-02  1.02084127e+01 
 2.42649200e-02  1.02366153e+01 
 2.42749200e-02  1.02603549e+01 
 2.42849200e-02  1.02797538e+01 
 2.42949200e-02  1.02949309e+01 
 2.43049200e-02  1.03060020e+01 
 2.43149200e-02  1.03130797e+01 
 2.43249200e-02  1.03162734e+01 
 2.43349200e-02  1.03156897e+01 
 2.43449200e-02  1.03114322e+01 
 2.43549200e-02  1.03036014e+01 
 2.43649200e-02  1.02922954e+01 
 2.43749200e-02  1.02776095e+01 
 2.43849200e-02  1.02596362e+01 
 2.43949200e-02  1.02384656e+01 
 2.44049200e-02  1.02141854e+01 
 2.44149200e-02  1.01868807e+01 
 2.44249200e-02  1.01566343e+01 
 2.44349200e-02  1.01235268e+01 
 2.44449200e-02  1.00876366e+01 
 2.44549200e-02  1.00490399e+01 
 2.44649200e-02  1.00078106e+01 
 2.44749200e-02  9.96402097e+00 
 2.44849200e-02  9.91774094e+00 
 2.44949200e-02  9.86903870e+00 
 2.45049200e-02  9.81798052e+00 
 2.45149200e-02  9.76463085e+00 
 2.45249200e-02  9.70905237e+00 
 2.45349200e-02  9.65130605e+00 
 2.45449200e-02  9.59145119e+00 
 2.45549200e-02  9.52954548e+00 
 2.45649200e-02  9.46564501e+00 
 2.45749200e-02  9.39980436e+00 
 2.45849200e-02  9.33207662e+00 
 2.45949200e-02  9.26251343e+00 
 2.46049200e-02  9.19116504e+00 
 2.46149200e-02  9.11808033e+00 
 2.46249200e-02  9.04330685e+00 
 2.46349200e-02  8.96689087e+00 
 2.46449200e-02  8.88887744e+00 
 2.46549200e-02  8.80931036e+00 
 2.46649200e-02  8.72823228e+00 
 2.46749200e-02  8.64568470e+00 
 2.46849200e-02  8.56170801e+00 
 2.46949200e-02  8.47634154e+00 
 2.47049200e-02  8.38962356e+00 
 2.47149200e-02  8.30159135e+00 
 2.47249200e-02  8.21228119e+00 
 2.47349200e-02  8.12172841e+00 
 2.47449200e-02  8.02996744e+00 
 2.47549200e-02  7.93703178e+00 
 2.47649200e-02  7.84295409e+00 
 2.47749200e-02  7.74776619e+00 
 2.47849200e-02  7.65149907e+00 
 2.47949200e-02  7.55418295e+00 
 2.48049200e-02  7.45584727e+00 
 2.48149200e-02  7.35652075e+00 
 2.48249200e-02  7.25623140e+00 
 2.48349200e-02  7.15500650e+00 
 2.48449200e-02  7.05287272e+00 
 2.48549200e-02  6.94985605e+00 
 2.48649200e-02  6.84598187e+00 
 2.48749200e-02  6.74127496e+00 
 2.48849200e-02  6.63575954e+00 
 2.48949200e-02  6.52945925e+00 
 2.49049200e-02  6.42239722e+00 
 2.49149200e-02  6.31459607e+00 
 2.49249200e-02  6.20607791e+00 
 2.49349200e-02  6.09686442e+00 
 2.49449200e-02  5.98697680e+00 
 2.49549200e-02  5.87643586e+00 
 2.49649200e-02  5.76526199e+00 
 2.49749200e-02  5.65347522e+00 
 2.49849200e-02  5.54109522e+00 
 2.49949200e-02  5.42814134e+00 
 2.50049200e-02  5.31463263e+00 
 2.50149200e-02  5.20058785e+00 
 2.50249200e-02  5.08602553e+00 
 2.50349200e-02  4.97096397e+00 
 2.50449200e-02  4.85542129e+00 
 2.50549200e-02  4.73941546e+00 
 2.50649200e-02  4.62296433e+00 
 2.50749200e-02  4.50608565e+00 
 2.50849200e-02  4.38879716e+00 
 2.50949200e-02  4.27111660e+00 
 2.51049200e-02  4.15306177e+00 
 2.51149200e-02  4.03465058e+00 
 2.51249200e-02  3.91590113e+00 
 2.51349200e-02  3.79683177e+00 
 2.51449200e-02  3.67746118e+00 
 2.51549200e-02  3.55780849e+00 
 2.51649200e-02  3.43789335e+00 
 2.51749200e-02  3.31773607e+00 
 2.51849200e-02  3.19735780e+00 
 2.51949200e-02  3.07678065e+00 
 2.52049200e-02  2.95602793e+00 
 2.52149200e-02  2.83512438e+00 
 2.52249200e-02  2.71409648e+00 
 2.52349200e-02  2.59297278e+00 
 2.52449200e-02  2.47178438e+00 
 2.52549200e-02  2.35056542e+00 
 2.52649200e-02  2.22935376e+00 
 2.52749200e-02  2.10819184e+00 
 2.52849200e-02  1.98712770e+00 
 2.52949200e-02  1.86621637e+00 
 2.53049200e-02  1.74552159e+00 
 2.53149200e-02  1.62511816e+00 
 2.53249200e-02  1.50509493e+00 
 2.53349200e-02  1.38555897e+00 
 2.53449200e-02  1.26664122e+00 
 2.53549200e-02  1.14850431e+00 
 2.53649200e-02  1.03135377e+00 
 2.53749200e-02  9.15454158e-01 
 2.53849200e-02  8.01152944e-01 
 2.53949200e-02  6.88916524e-01 
 2.54049200e-02  5.79385565e-01 
 2.54149200e-02  4.73461168e-01 
 2.54249200e-02  3.72438550e-01 
 2.54349200e-02  2.78205345e-01 
 2.54449200e-02  1.93489499e-01 
 2.54549200e-02  1.21982364e-01 
 2.54649200e-02  6.81127461e-02 
 2.54749200e-02  3.29392360e-02 
 2.54849200e-02  1.40578960e-02 
 2.54949200e-02  5.51266572e-03 
 2.55049200e-02  2.07179907e-03 
 2.55149200e-02  7.88537278e-04 
 2.55249200e-02  3.37270638e-04 
 2.55349200e-02  1.98513684e-04 
 2.55449200e-02  1.70158342e-04 
 2.55549200e-02  1.66413483e-04 
 2.55649200e-02  1.65807296e-04 
 2.55749200e-02  1.65524218e-04 
 2.55849200e-02  1.65267805e-04 
 2.55949200e-02  1.65009545e-04 
 2.56049200e-02  1.64746819e-04 
 2.56149200e-02  1.64479405e-04 
 2.56249200e-02  1.64207290e-04 
 2.56349200e-02  1.63930475e-04 
 2.56449200e-02  1.63648968e-04 
 2.56549200e-02  1.63362766e-04 
 2.56649200e-02  1.63071882e-04 
 2.56749200e-02  1.62776309e-04 
 2.56849200e-02  1.62476066e-04 
 2.56949200e-02  1.62171148e-04 
 2.57049200e-02  1.61861562e-04 
 2.57149200e-02  1.61547314e-04 
 2.57249200e-02  1.61228407e-04 
 2.57349200e-02  1.60904846e-04 
 2.57449200e-02  1.60576639e-04 
 2.57549200e-02  1.60243786e-04 
 2.57649200e-02  1.59906294e-04 
 2.57749200e-02  1.59564170e-04 
 2.57849200e-02  1.59217418e-04 
 2.57949200e-02  1.58866043e-04 
 2.58049200e-02  1.58510051e-04 
 2.58149200e-02  1.58149448e-04 
 2.58249200e-02  1.57784236e-04 
 2.58349200e-02  1.57414429e-04 
 2.58449200e-02  1.57040022e-04 
 2.58549200e-02  1.56661026e-04 
 2.58649200e-02  1.56277446e-04 
 2.58749200e-02  1.55889291e-04 
 2.58849200e-02  1.55496560e-04 
 2.58949200e-02  1.55099266e-04 
 2.59049200e-02  1.54697414e-04 
 2.59149200e-02  1.54291003e-04 
 2.59249200e-02  1.53880048e-04 
 2.59349200e-02  1.53464547e-04 
 2.59449200e-02  1.53044516e-04 
 2.59549200e-02  1.52619952e-04 
 2.59649200e-02  1.52190865e-04 
 2.59749200e-02  1.51757266e-04 
 2.59849200e-02  1.51319155e-04 
 2.59949200e-02  1.50876540e-04 
 2.60049200e-02  1.50429433e-04 
 2.60149200e-02  1.49977832e-04 
 2.60249200e-02  1.49521751e-04 
 2.60349200e-02  1.49061189e-04 
 2.60449200e-02  1.48596165e-04 
 2.60549200e-02  1.48126676e-04 
 2.60649200e-02  1.47652735e-04 
 2.60749200e-02  1.47174339e-04 
 2.60849200e-02  1.46691509e-04 
 2.60949200e-02  1.46204244e-04 
 2.61049200e-02  1.45712549e-04 
 2.61149200e-02  1.45216441e-04 
 2.61249200e-02  1.44715920e-04 
 2.61349200e-02  1.44210991e-04 
 2.61449200e-02  1.43701672e-04 
 2.61549200e-02  1.43187962e-04 
 2.61649200e-02  1.42669870e-04 
 2.61749200e-02  1.42147407e-04 
 2.61849200e-02  1.41620576e-04 
 2.61949200e-02  1.41089390e-04 
 2.62049200e-02  1.40553852e-04 
 2.62149200e-02  1.40013976e-04 
 2.62249200e-02  1.39469763e-04 
 2.62349200e-02  1.38921227e-04 
 2.62449200e-02  1.38368373e-04 
 2.62549200e-02  1.37811211e-04 
 2.62649200e-02  1.37249747e-04 
 2.62749200e-02  1.36683992e-04 
 2.62849200e-02  1.36113951e-04 
 2.62949200e-02  1.35539638e-04 
 2.63049200e-02  1.34961057e-04 
 2.63149200e-02  1.34378216e-04 
 2.63249200e-02  1.33791128e-04 
 2.63349200e-02  1.33199797e-04 
 2.63449200e-02  1.32604235e-04 
 2.63549200e-02  1.32004453e-04 
 2.63649200e-02  1.31400455e-04 
 2.63749200e-02  1.30792251e-04 
 2.63849200e-02  1.30179851e-04 
 2.63949200e-02  1.29563264e-04 
 2.64049200e-02  1.28942501e-04 
 2.64149200e-02  1.28317569e-04 
 2.64249200e-02  1.27688478e-04 
 2.64349200e-02  1.27055232e-04 
 2.64449200e-02  1.26417849e-04 
 2.64549200e-02  1.25776337e-04 
 2.64649200e-02  1.25130703e-04 
 2.64749200e-02  1.24480958e-04 
 2.64849200e-02  1.23827109e-04 
 2.64949200e-02  1.23169167e-04 
 2.65049200e-02  1.22507146e-04 
 2.65149200e-02  1.21841047e-04 
 2.65249200e-02  1.21170887e-04 
 2.65349200e-02  1.20496675e-04 
 2.65449200e-02  1.19818417e-04 
 2.65549200e-02  1.19136128e-04 
 2.65649200e-02  1.18449819e-04 
 2.65749200e-02  1.17759494e-04 
 2.65849200e-02  1.17065165e-04 
 2.65949200e-02  1.16366848e-04 
 2.66049200e-02  1.15664546e-04 
 2.66149200e-02  1.14958276e-04 
 2.66249200e-02  1.14248042e-04 
 2.66349200e-02  1.13533863e-04 
 2.66449200e-02  1.12815739e-04 
 2.66549200e-02  1.12093687e-04 
 2.66649200e-02  1.11367718e-04 
 2.66749200e-02  1.10637842e-04 
 2.66849200e-02  1.09904069e-04 
 2.66949200e-02  1.09166407e-04 
 2.67049200e-02  1.08424871e-04 
 2.67149200e-02  1.07679475e-04 
 2.67249200e-02  1.06930223e-04 
 2.67349200e-02  1.06177129e-04 
 2.67449200e-02  1.05420209e-04 
 2.67549200e-02  1.04659465e-04 
 2.67649200e-02  1.03894916e-04 
 2.67749200e-02  1.03126568e-04 
 2.67849200e-02  1.02354437e-04 
 2.67949200e-02  1.01578533e-04 
 2.68049200e-02  1.00798866e-04 
 2.68149200e-02  1.00015446e-04 
 2.68249200e-02  9.92282897e-05 
 2.68349200e-02  9.84374040e-05 
 2.68449200e-02  9.76428043e-05 
 2.68549200e-02  9.68445006e-05 
 2.68649200e-02  9.60425052e-05 
 2.68749200e-02  9.52368325e-05 
 2.68849200e-02  9.44274899e-05 
 2.68949200e-02  9.36144916e-05 
 2.69049200e-02  9.27978500e-05 
 2.69149200e-02  9.19775745e-05 
 2.69249200e-02  9.11536810e-05 
 2.69349200e-02  9.03261844e-05 
 2.69449200e-02  8.94950893e-05 
 2.69549200e-02  8.86604102e-05 
 2.69649200e-02  8.78221658e-05 
 2.69749200e-02  8.69803622e-05 
 2.69849200e-02  8.61350133e-05 
 2.69949200e-02  8.52861337e-05 
 2.70049200e-02  8.44337364e-05 
 2.70149200e-02  8.35778299e-05 
 2.70249200e-02  8.27184307e-05 
 2.70349200e-02  8.18555509e-05 
 2.70449200e-02  8.09892036e-05 
 2.70549200e-02  8.01193991e-05 
 2.70649200e-02  7.92461562e-05 
 2.70749200e-02  7.83694832e-05 
 2.70849200e-02  7.74893930e-05 
 2.70949200e-02  7.66059026e-05 
 2.71049200e-02  7.57190202e-05 
 2.71149200e-02  7.48287659e-05 
 2.71249200e-02  7.39351468e-05 
 2.71349200e-02  7.30381806e-05 
 2.71449200e-02  7.21378801e-05 
 2.71549200e-02  7.12342593e-05 
 2.71649200e-02  7.03273264e-05 
 2.71749200e-02  6.94171055e-05 
 2.71849200e-02  6.85036014e-05 
 2.71949200e-02  6.75868310e-05 
 2.72049200e-02  6.66668091e-05 
 2.72149200e-02  6.57435505e-05 
 2.72249200e-02  6.48170661e-05 
 2.72349200e-02  6.38873743e-05 
 2.72449200e-02  6.29544858e-05 
 2.72549200e-02  6.20184146e-05 
 2.72649200e-02  6.10791803e-05 
 2.72749200e-02  6.01367922e-05 
 2.72849200e-02  5.91912701e-05 
 2.72949200e-02  5.82426219e-05 
 2.73049200e-02  5.72908662e-05 
 2.73149200e-02  5.63360224e-05 
 2.73249200e-02  5.53780958e-05 
 2.73349200e-02  5.44171109e-05 
 2.73449200e-02  5.34530749e-05 
 2.73549200e-02  5.24860120e-05 
 2.73649200e-02  5.15159274e-05 
 2.73749200e-02  5.05428462e-05 
 2.73849200e-02  4.95667779e-05 
 2.73949200e-02  4.85877451e-05 
 2.74049200e-02  4.76057555e-05 
 2.74149200e-02  4.66208295e-05 
 2.74249200e-02  4.56329832e-05 
 2.74349200e-02  4.46422341e-05 
 2.74449200e-02  4.36485980e-05 
 2.74549200e-02  4.26520930e-05 
 2.74649200e-02  4.16527333e-05 
 2.74749200e-02  4.06505404e-05 
 2.74849200e-02  3.96455303e-05 
 2.74949200e-02  3.86377175e-05 
 2.75049200e-02  3.76271276e-05 
 2.75149200e-02  3.66137719e-05 
 2.75249200e-02  3.55976768e-05 
 2.75349200e-02  3.45788554e-05 
 2.75449200e-02  3.35573315e-05 
 2.75549200e-02  3.25331229e-05 
 2.75649200e-02  3.15062511e-05 
 2.75749200e-02  3.04767444e-05 
 2.75849200e-02  2.94446166e-05 
 2.75949200e-02  2.84098945e-05 
 2.76049200e-02  2.73726008e-05 
 2.76149200e-02  2.63327643e-05 
 2.76249200e-02  2.52904122e-05 
 2.76349200e-02  2.42455713e-05 
 2.76449200e-02  2.31982700e-05 
 2.76549200e-02  2.21485423e-05 
 2.76649200e-02  2.10964259e-05 
 2.76749200e-02  2.00419548e-05 
 2.76849200e-02  1.89851775e-05 
 2.76949200e-02  1.79261310e-05 
 2.77049200e-02  1.68648763e-05 
 2.77149200e-02  1.58014696e-05 
 2.77249200e-02  1.47359802e-05 
 2.77349200e-02  1.36684914e-05 
 2.77449200e-02  1.25990959e-05 
 2.77549200e-02  1.15279174e-05 
 2.77649200e-02  1.04551053e-05 
 2.77749200e-02  9.38085579e-06 
 2.77849200e-02  8.30542064e-06 
 2.77949200e-02  7.22915811e-06 
 2.78049200e-02  6.15259247e-06 
 2.78149200e-02  5.07652400e-06 
 2.78249200e-02  4.00230427e-06 
 2.78349200e-02  2.93245468e-06 
 2.78449200e-02  1.87259931e-06 
 2.78549200e-02  8.39265375e-07 
 2.78649200e-02 -8.45089758e-08 
 2.78749200e-02 -1.48198893e-07 
 2.78849200e-02  1.58088653e-10 
 2.78949200e-02  1.57065472e-10 
 2.79049200e-02  1.55779389e-10 
 2.79149200e-02  1.54805946e-10 
 2.79249200e-02  1.53320912e-10 
 2.79349200e-02  1.52311941e-10 
 2.79449200e-02  1.51267443e-10 
 2.79549200e-02  1.50130575e-10 
 2.79649200e-02  1.48958179e-10 
 2.79749200e-02  1.47849732e-10 
 2.79849200e-02  1.46719970e-10 
 2.79949200e-02  1.45590207e-10 
 2.80049200e-02  1.44403600e-10 
 2.80149200e-02  1.43252521e-10 
 2.80249200e-02  1.42065915e-10 
 2.80349200e-02  1.40964573e-10 
 2.80449200e-02  1.39777967e-10 
 2.80549200e-02  1.38548728e-10 
 2.80649200e-02  1.37433176e-10 
 2.80749200e-02  1.36246570e-10 
 2.80849200e-02  1.35038647e-10 
 2.80949200e-02  1.33823619e-10 
 2.81049200e-02  1.32729383e-10 
 2.81149200e-02  1.31528566e-10 
 2.81249200e-02  1.30356170e-10 
 2.81349200e-02  1.29119826e-10 
 2.81449200e-02  1.27943878e-10 
 2.81549200e-02  1.26760824e-10 
 2.81649200e-02  1.25560007e-10 
 2.81749200e-02  1.24352084e-10 
 2.81849200e-02  1.23147714e-10 
 2.81949200e-02  1.21975319e-10 
 2.82049200e-02  1.20781607e-10 
 2.82149200e-02  1.19598553e-10 
 2.82249200e-02  1.18351551e-10 
 2.82349200e-02  1.17207577e-10 
 2.82449200e-02  1.15949916e-10 
 2.82549200e-02  1.14738441e-10 
 2.82649200e-02  1.13558940e-10 
 2.82749200e-02  1.12326148e-10 
 2.82849200e-02  1.11143095e-10 
 2.82949200e-02  1.09910303e-10 
 2.83049200e-02  1.08709486e-10 
 2.83149200e-02  1.07476694e-10 
 2.83249200e-02  1.06261666e-10 
 2.83349200e-02  1.05035980e-10 
 2.83449200e-02  1.03803188e-10 
 2.83549200e-02  1.02559738e-10 
 2.83649200e-02  1.01380238e-10 
 2.83749200e-02  1.00129682e-10 
 2.83849200e-02  9.89111015e-11 
 2.83949200e-02  9.76712045e-11 
 2.84049200e-02  9.64632818e-11 
 2.84149200e-02  9.52340429e-11 
 2.84249200e-02  9.39905931e-11 
 2.84349200e-02  9.27400379e-11 
 2.84449200e-02  9.15143517e-11 
 2.84549200e-02  9.02886654e-11 
 2.84649200e-02  8.90523211e-11 
 2.84749200e-02  8.78053186e-11 
 2.84849200e-02  8.65441052e-11 
 2.84949200e-02  8.53219717e-11 
 2.85049200e-02  8.40891801e-11 
 2.85149200e-02  8.28350721e-11 
 2.85249200e-02  8.15738588e-11 
 2.85349200e-02  8.03694888e-11 
 2.85449200e-02  7.91047228e-11 
 2.85549200e-02  7.78221931e-11 
 2.85649200e-02  7.65751906e-11 
 2.85749200e-02  7.53530571e-11 
 2.85849200e-02  7.40882911e-11 
 2.85949200e-02  7.28341831e-11 
 2.86049200e-02  7.15871806e-11 
 2.86149200e-02  7.03472836e-11 
 2.86249200e-02  6.90612012e-11 
 2.86349200e-02  6.78035406e-11 
 2.86449200e-02  6.65671962e-11 
 2.86549200e-02  6.52811138e-11 
 2.86649200e-02  6.40323350e-11 
 2.86749200e-02  6.27675689e-11 
 2.86849200e-02  6.15205664e-11 
 2.86949200e-02  6.02415895e-11 
 2.87049200e-02  5.89963634e-11 
 2.87149200e-02  5.77085046e-11 
 2.87249200e-02  5.64508440e-11 
 2.87349200e-02  5.51718671e-11 
 2.87449200e-02  5.39053246e-11 
 2.87549200e-02  5.26352295e-11 
 2.87649200e-02  5.13935561e-11 
 2.87749200e-02  5.01110264e-11 
 2.87849200e-02  4.88391549e-11 
 2.87949200e-02  4.75726125e-11 
 2.88049200e-02  4.63096228e-11 
 2.88149200e-02  4.50324222e-11 
 2.88249200e-02  4.37498926e-11 
 2.88349200e-02  4.24709157e-11 
 2.88449200e-02  4.12061496e-11 
 2.88549200e-02  3.99360545e-11 
 2.88649200e-02  3.86553012e-11 
 2.88749200e-02  3.73709952e-11 
 2.88849200e-02  3.61062291e-11 
 2.88949200e-02  3.48325813e-11 
 2.89049200e-02  3.35553807e-11 
 2.89149200e-02  3.22675220e-11 
 2.89249200e-02  3.09983150e-11 
 2.89349200e-02  2.97184499e-11 
 2.89449200e-02  2.84385848e-11 
 2.89549200e-02  2.71498379e-11 
 2.89649200e-02  2.58699728e-11 
 2.89749200e-02  2.45936604e-11 
 2.89849200e-02  2.33093544e-11 
 2.89949200e-02  2.20392593e-11 
 2.90049200e-02  2.07576178e-11 
 2.90149200e-02  1.94733119e-11 
 2.90249200e-02  1.81916704e-11 
 2.90349200e-02  1.69029235e-11 
 2.90449200e-02  1.56239466e-11 
 2.90549200e-02  1.43431933e-11 
 2.90649200e-02  1.30597755e-11 
 2.90749200e-02  1.17768018e-11 
 2.90849200e-02  1.04911635e-11 
 2.90949200e-02  9.20996612e-12 
 2.91049200e-02  7.92543808e-12 
 2.91149200e-02  6.64357458e-12 
 2.91249200e-02  5.35793632e-12 
 2.91349200e-02  4.07518463e-12 
 2.91449200e-02  2.79165580e-12 
 2.91549200e-02  1.50857105e-12 
 2.91649200e-02  2.24237295e-13 
 2.91749200e-02 -1.05976339e-12 
 2.91849200e-02 -2.34334774e-12 
 2.91949200e-02 -3.62632147e-12 
 2.92049200e-02 -4.91073848e-12 
 2.92149200e-02 -6.19260199e-12 
 2.92249200e-02 -7.47824025e-12 
 2.92349200e-02 -8.75965966e-12 
 2.92449200e-02 -1.00452979e-11 
 2.92549200e-02 -1.13282717e-11 
 2.92649200e-02 -1.26081368e-11 
 2.92749200e-02 -1.38893341e-11 
 2.92849200e-02 -1.51736401e-11 
 2.92949200e-02 -1.64588343e-11 
 2.93049200e-02 -1.77449166e-11 
 2.93149200e-02 -1.90185645e-11 
 2.93249200e-02 -2.03073114e-11 
 2.93349200e-02 -2.15809592e-11 
 2.93449200e-02 -2.28626007e-11 
 2.93549200e-02 -2.41504594e-11 
 2.93649200e-02 -2.54303245e-11 
 2.93749200e-02 -2.67101896e-11 
 2.93849200e-02 -2.79820611e-11 
 2.93949200e-02 -2.92637026e-11 
 2.94049200e-02 -3.05409031e-11 
 2.94149200e-02 -3.18252091e-11 
 2.94249200e-02 -3.31024097e-11 
 2.94349200e-02 -3.43796103e-11 
 2.94449200e-02 -3.56568108e-11 
 2.94549200e-02 -3.69304587e-11 
 2.94649200e-02 -3.81970011e-11 
 2.94749200e-02 -3.94777544e-11 
 2.94849200e-02 -4.07567313e-11 
 2.94949200e-02 -4.20286028e-11 
 2.95049200e-02 -4.33093561e-11 
 2.95149200e-02 -4.45794512e-11 
 2.95249200e-02 -4.58548755e-11 
 2.95349200e-02 -4.71214179e-11 
 2.95449200e-02 -4.83861839e-11 
 2.95549200e-02 -4.96793717e-11 
 2.95649200e-02 -5.09263742e-11 
 2.95749200e-02 -5.22053512e-11 
 2.95849200e-02 -5.34736699e-11 
 2.95949200e-02 -5.47366596e-11 
 2.96049200e-02 -5.60032021e-11 
 2.96149200e-02 -5.72555336e-11 
 2.96249200e-02 -5.85398396e-11 
 2.96349200e-02 -5.97868421e-11 
 2.96449200e-02 -6.10498319e-11 
 2.96549200e-02 -6.23288088e-11 
 2.96649200e-02 -6.35775876e-11 
 2.96749200e-02 -6.48689991e-11 
 2.96849200e-02 -6.61195543e-11 
 2.96949200e-02 -6.73381351e-11 
 2.97049200e-02 -6.86419810e-11 
 2.97149200e-02 -6.98854308e-11 
 2.97249200e-02 -7.11146697e-11 
 2.97349200e-02 -7.24114102e-11 
 2.97449200e-02 -7.36548600e-11 
 2.97549200e-02 -7.48912043e-11 
 2.97649200e-02 -7.61559704e-11 
 2.97749200e-02 -7.73923148e-11 
 2.97849200e-02 -7.86570808e-11 
 2.97949200e-02 -7.99182942e-11 
 2.98049200e-02 -8.11475331e-11 
 2.98149200e-02 -8.23874302e-11 
 2.98249200e-02 -8.36095637e-11 
 2.98349200e-02 -8.48707771e-11 
 2.98449200e-02 -8.60964633e-11 
 2.98549200e-02 -8.73647821e-11 
 2.98649200e-02 -8.86011264e-11 
 2.98749200e-02 -8.98410235e-11 
 2.98849200e-02 -9.10702624e-11 
 2.98949200e-02 -9.23101595e-11 
 2.99049200e-02 -9.35678202e-11 
 2.99149200e-02 -9.47899537e-11 
 2.99249200e-02 -9.60298507e-11 
 2.99349200e-02 -9.72342207e-11 
 2.99449200e-02 -9.84812232e-11 
 2.99549200e-02 -9.97033567e-11 
 2.99649200e-02 -1.00953912e-10 
 2.99749200e-02 -1.02161835e-10 
 2.99849200e-02 -1.03383968e-10 
 2.99924600e-02 -1.04311226e-10 
 3.00000000e-02 -1.05259801e-10 
