 5.00000000e-08 -1.58166028e+01 
 1.00000000e-07 -1.58164696e+01 
 2.00000000e-07 -1.58162690e+01 
 4.00000000e-07 -1.58157374e+01 
 8.00000000e-07 -1.58146763e+01 
 1.60000000e-06 -1.58125514e+01 
 3.20000000e-06 -1.58082982e+01 
 5.00000000e-06 -1.58035078e+01 
 5.32000000e-06 -1.58026556e+01 
 5.96000000e-06 -1.58009506e+01 
 7.24000000e-06 -1.57975384e+01 
 9.80000000e-06 -1.57907052e+01 
 1.49200000e-05 -1.57770037e+01 
 2.49200000e-05 -1.57501078e+01 
 3.49200000e-05 -1.57230336e+01 
 4.49200000e-05 -1.56957813e+01 
 5.49200000e-05 -1.56683513e+01 
 6.49200000e-05 -1.56407438e+01 
 7.49200000e-05 -1.56129592e+01 
 8.49200000e-05 -1.55849978e+01 
 9.49200000e-05 -1.55568599e+01 
 1.04920000e-04 -1.55285458e+01 
 1.14920000e-04 -1.55000559e+01 
 1.24920000e-04 -1.54713904e+01 
 1.34920000e-04 -1.54425497e+01 
 1.44920000e-04 -1.54135341e+01 
 1.54920000e-04 -1.53843440e+01 
 1.64920000e-04 -1.53549796e+01 
 1.74920000e-04 -1.53254414e+01 
 1.84920000e-04 -1.52957296e+01 
 1.94920000e-04 -1.52658446e+01 
 2.04920000e-04 -1.52357868e+01 
 2.14920000e-04 -1.52055565e+01 
 2.24920000e-04 -1.51751540e+01 
 2.34920000e-04 -1.51445796e+01 
 2.44920000e-04 -1.51138339e+01 
 2.54920000e-04 -1.50829170e+01 
 2.64920000e-04 -1.50518294e+01 
 2.74920000e-04 -1.50205715e+01 
 2.84920000e-04 -1.49891435e+01 
 2.94920000e-04 -1.49575459e+01 
 3.04920000e-04 -1.49257790e+01 
 3.14920000e-04 -1.48938432e+01 
 3.24920000e-04 -1.48617389e+01 
 3.34920000e-04 -1.48294665e+01 
 3.44920000e-04 -1.47970262e+01 
 3.54920000e-04 -1.47644187e+01 
 3.64920000e-04 -1.47316441e+01 
 3.74920000e-04 -1.46987029e+01 
 3.84920000e-04 -1.46655955e+01 
 3.94920000e-04 -1.46323222e+01 
 4.04920000e-04 -1.45988836e+01 
 4.14920000e-04 -1.45652799e+01 
 4.24920000e-04 -1.45315116e+01 
 4.34920000e-04 -1.44975790e+01 
 4.44920000e-04 -1.44634827e+01 
 4.54920000e-04 -1.44292229e+01 
 4.64920000e-04 -1.43948001e+01 
 4.74920000e-04 -1.43602148e+01 
 4.84920000e-04 -1.43254672e+01 
 4.94920000e-04 -1.42905580e+01 
 5.04920000e-04 -1.42554873e+01 
 5.14920000e-04 -1.42202558e+01 
 5.24920000e-04 -1.41848638e+01 
 5.34920000e-04 -1.41493117e+01 
 5.44920000e-04 -1.41136000e+01 
 5.54920000e-04 -1.40777291e+01 
 5.64920000e-04 -1.40416994e+01 
 5.74920000e-04 -1.40055114e+01 
 5.84920000e-04 -1.39691656e+01 
 5.94920000e-04 -1.39326622e+01 
 6.04920000e-04 -1.38960019e+01 
 6.14920000e-04 -1.38591851e+01 
 6.24920000e-04 -1.38222121e+01 
 6.34920000e-04 -1.37850835e+01 
 6.44920000e-04 -1.37477997e+01 
 6.54920000e-04 -1.37103611e+01 
 6.64920000e-04 -1.36727683e+01 
 6.74920000e-04 -1.36350216e+01 
 6.84920000e-04 -1.35971216e+01 
 6.94920000e-04 -1.35590687e+01 
 7.04920000e-04 -1.35208634e+01 
 7.14920000e-04 -1.34825061e+01 
 7.24920000e-04 -1.34439974e+01 
 7.34920000e-04 -1.34053376e+01 
 7.44920000e-04 -1.33665273e+01 
 7.54920000e-04 -1.33275670e+01 
 7.64920000e-04 -1.32884571e+01 
 7.74920000e-04 -1.32491981e+01 
 7.84920000e-04 -1.32097905e+01 
 7.94920000e-04 -1.31702348e+01 
 8.04920000e-04 -1.31305315e+01 
 8.14920000e-04 -1.30906811e+01 
 8.24920000e-04 -1.30506840e+01 
 8.34920000e-04 -1.30105408e+01 
 8.44920000e-04 -1.29702520e+01 
 8.54920000e-04 -1.29298180e+01 
 8.64920000e-04 -1.28892395e+01 
 8.74920000e-04 -1.28485168e+01 
 8.84920000e-04 -1.28076505e+01 
 8.94920000e-04 -1.27666411e+01 
 9.04920000e-04 -1.27254891e+01 
 9.14920000e-04 -1.26841950e+01 
 9.24920000e-04 -1.26427594e+01 
 9.34920000e-04 -1.26011827e+01 
 9.44920000e-04 -1.25594656e+01 
 9.54920000e-04 -1.25176084e+01 
 9.64920000e-04 -1.24756118e+01 
 9.74920000e-04 -1.24334762e+01 
 9.84920000e-04 -1.23912023e+01 
 9.94920000e-04 -1.23487904e+01 
 1.00492000e-03 -1.23062413e+01 
 1.01492000e-03 -1.22635553e+01 
 1.02492000e-03 -1.22207331e+01 
 1.03492000e-03 -1.21777751e+01 
 1.04492000e-03 -1.21346819e+01 
 1.05492000e-03 -1.20914542e+01 
 1.06492000e-03 -1.20480923e+01 
 1.07492000e-03 -1.20045969e+01 
 1.08492000e-03 -1.19609685e+01 
 1.09492000e-03 -1.19172076e+01 
 1.10492000e-03 -1.18733149e+01 
 1.11492000e-03 -1.18292909e+01 
 1.12492000e-03 -1.17851361e+01 
 1.13492000e-03 -1.17408511e+01 
 1.14492000e-03 -1.16964364e+01 
 1.15492000e-03 -1.16518927e+01 
 1.16492000e-03 -1.16072204e+01 
 1.17492000e-03 -1.15624202e+01 
 1.18492000e-03 -1.15174927e+01 
 1.19492000e-03 -1.14724383e+01 
 1.20492000e-03 -1.14272578e+01 
 1.21492000e-03 -1.13819515e+01 
 1.22492000e-03 -1.13365202e+01 
 1.23492000e-03 -1.12909645e+01 
 1.24492000e-03 -1.12452848e+01 
 1.25492000e-03 -1.11994818e+01 
 1.26492000e-03 -1.11535561e+01 
 1.27492000e-03 -1.11075082e+01 
 1.28492000e-03 -1.10613388e+01 
 1.29492000e-03 -1.10150484e+01 
 1.30492000e-03 -1.09686376e+01 
 1.31492000e-03 -1.09221071e+01 
 1.32492000e-03 -1.08754574e+01 
 1.33492000e-03 -1.08286891e+01 
 1.34492000e-03 -1.07818028e+01 
 1.35492000e-03 -1.07347992e+01 
 1.36492000e-03 -1.06876788e+01 
 1.37492000e-03 -1.06404422e+01 
 1.38492000e-03 -1.05930901e+01 
 1.39492000e-03 -1.05456231e+01 
 1.40492000e-03 -1.04980417e+01 
 1.41492000e-03 -1.04503466e+01 
 1.42492000e-03 -1.04025384e+01 
 1.43492000e-03 -1.03546177e+01 
 1.44492000e-03 -1.03065852e+01 
 1.45492000e-03 -1.02584414e+01 
 1.46492000e-03 -1.02101870e+01 
 1.47492000e-03 -1.01618226e+01 
 1.48492000e-03 -1.01133488e+01 
 1.49492000e-03 -1.00647663e+01 
 1.50492000e-03 -1.00160757e+01 
 1.51492000e-03 -9.96727762e+00 
 1.52492000e-03 -9.91837268e+00 
 1.53492000e-03 -9.86936152e+00 
 1.54492000e-03 -9.82024479e+00 
 1.55492000e-03 -9.77102312e+00 
 1.56492000e-03 -9.72169716e+00 
 1.57492000e-03 -9.67226753e+00 
 1.58492000e-03 -9.62273489e+00 
 1.59492000e-03 -9.57309988e+00 
 1.60492000e-03 -9.52336315e+00 
 1.61492000e-03 -9.47352534e+00 
 1.62492000e-03 -9.42358711e+00 
 1.63492000e-03 -9.37354910e+00 
 1.64492000e-03 -9.32341197e+00 
 1.65492000e-03 -9.27317637e+00 
 1.66492000e-03 -9.22284295e+00 
 1.67492000e-03 -9.17241239e+00 
 1.68492000e-03 -9.12188532e+00 
 1.69492000e-03 -9.07126242e+00 
 1.70492000e-03 -9.02054434e+00 
 1.71492000e-03 -8.96973176e+00 
 1.72492000e-03 -8.91882533e+00 
 1.73492000e-03 -8.86782572e+00 
 1.74492000e-03 -8.81673359e+00 
 1.75492000e-03 -8.76554963e+00 
 1.76492000e-03 -8.71427450e+00 
 1.77492000e-03 -8.66290887e+00 
 1.78492000e-03 -8.61145341e+00 
 1.79492000e-03 -8.55990881e+00 
 1.80492000e-03 -8.50827574e+00 
 1.81492000e-03 -8.45655487e+00 
 1.82492000e-03 -8.40474690e+00 
 1.83492000e-03 -8.35285249e+00 
 1.84492000e-03 -8.30087233e+00 
 1.85492000e-03 -8.24880710e+00 
 1.86492000e-03 -8.19665750e+00 
 1.87492000e-03 -8.14442421e+00 
 1.88492000e-03 -8.09210791e+00 
 1.89492000e-03 -8.03970930e+00 
 1.90492000e-03 -7.98722907e+00 
 1.91492000e-03 -7.93466791e+00 
 1.92492000e-03 -7.88202652e+00 
 1.93492000e-03 -7.82930558e+00 
 1.94492000e-03 -7.77650580e+00 
 1.95492000e-03 -7.72362787e+00 
 1.96492000e-03 -7.67067250e+00 
 1.97492000e-03 -7.61764039e+00 
 1.98492000e-03 -7.56453223e+00 
 1.99492000e-03 -7.51134873e+00 
 2.00492000e-03 -7.45809060e+00 
 2.01492000e-03 -7.40475854e+00 
 2.02492000e-03 -7.35135326e+00 
 2.03492000e-03 -7.29787547e+00 
 2.04492000e-03 -7.24432588e+00 
 2.05492000e-03 -7.19070519e+00 
 2.06492000e-03 -7.13701413e+00 
 2.07492000e-03 -7.08325340e+00 
 2.08492000e-03 -7.02942373e+00 
 2.09492000e-03 -6.97552582e+00 
 2.10492000e-03 -6.92156041e+00 
 2.11492000e-03 -6.86752819e+00 
 2.12492000e-03 -6.81342990e+00 
 2.13492000e-03 -6.75926626e+00 
 2.14492000e-03 -6.70503799e+00 
 2.15492000e-03 -6.65074582e+00 
 2.16492000e-03 -6.59639046e+00 
 2.17492000e-03 -6.54197265e+00 
 2.18492000e-03 -6.48749312e+00 
 2.19492000e-03 -6.43295259e+00 
 2.20492000e-03 -6.37835179e+00 
 2.21492000e-03 -6.32369147e+00 
 2.22492000e-03 -6.26897234e+00 
 2.23492000e-03 -6.21419514e+00 
 2.24492000e-03 -6.15936062e+00 
 2.25492000e-03 -6.10446950e+00 
 2.26492000e-03 -6.04952253e+00 
 2.27492000e-03 -5.99452044e+00 
 2.28492000e-03 -5.93946397e+00 
 2.29492000e-03 -5.88435387e+00 
 2.30492000e-03 -5.82919088e+00 
 2.31492000e-03 -5.77397575e+00 
 2.32492000e-03 -5.71870921e+00 
 2.33492000e-03 -5.66339203e+00 
 2.34492000e-03 -5.60802493e+00 
 2.35492000e-03 -5.55260869e+00 
 2.36492000e-03 -5.49714404e+00 
 2.37492000e-03 -5.44163174e+00 
 2.38492000e-03 -5.38607254e+00 
 2.39492000e-03 -5.33046720e+00 
 2.40492000e-03 -5.27481647e+00 
 2.41492000e-03 -5.21912111e+00 
 2.42492000e-03 -5.16338189e+00 
 2.43492000e-03 -5.10759956e+00 
 2.44492000e-03 -5.05177488e+00 
 2.45492000e-03 -4.99590862e+00 
 2.46492000e-03 -4.94000154e+00 
 2.47492000e-03 -4.88405442e+00 
 2.48492000e-03 -4.82806801e+00 
 2.49492000e-03 -4.77204308e+00 
 2.50492000e-03 -4.71598042e+00 
 2.51492000e-03 -4.65988079e+00 
 2.52492000e-03 -4.60374497e+00 
 2.53492000e-03 -4.54757373e+00 
 2.54492000e-03 -4.49136785e+00 
 2.55492000e-03 -4.43512811e+00 
 2.56492000e-03 -4.37885530e+00 
 2.57492000e-03 -4.32255019e+00 
 2.58492000e-03 -4.26621358e+00 
 2.59492000e-03 -4.20984625e+00 
 2.60492000e-03 -4.15344899e+00 
 2.61492000e-03 -4.09702260e+00 
 2.62492000e-03 -4.04056786e+00 
 2.63492000e-03 -3.98408558e+00 
 2.64492000e-03 -3.92757656e+00 
 2.65492000e-03 -3.87104159e+00 
 2.66492000e-03 -3.81448148e+00 
 2.67492000e-03 -3.75789704e+00 
 2.68492000e-03 -3.70128909e+00 
 2.69492000e-03 -3.64465843e+00 
 2.70492000e-03 -3.58800587e+00 
 2.71492000e-03 -3.53133225e+00 
 2.72492000e-03 -3.47463839e+00 
 2.73492000e-03 -3.41792510e+00 
 2.74492000e-03 -3.36119323e+00 
 2.75492000e-03 -3.30444361e+00 
 2.76492000e-03 -3.24767709e+00 
 2.77492000e-03 -3.19089450e+00 
 2.78492000e-03 -3.13409669e+00 
 2.79492000e-03 -3.07728453e+00 
 2.80492000e-03 -3.02045887e+00 
 2.81492000e-03 -2.96362059e+00 
 2.82492000e-03 -2.90677055e+00 
 2.83492000e-03 -2.84990964e+00 
 2.84492000e-03 -2.79303875e+00 
 2.85492000e-03 -2.73615878e+00 
 2.86492000e-03 -2.67927063e+00 
 2.87492000e-03 -2.62237522e+00 
 2.88492000e-03 -2.56547348e+00 
 2.89492000e-03 -2.50856634e+00 
 2.90492000e-03 -2.45165476e+00 
 2.91492000e-03 -2.39473970e+00 
 2.92492000e-03 -2.33782214e+00 
 2.93492000e-03 -2.28090308e+00 
 2.94492000e-03 -2.22398353e+00 
 2.95492000e-03 -2.16706452e+00 
 2.96492000e-03 -2.11014711e+00 
 2.97492000e-03 -2.05323238e+00 
 2.98492000e-03 -1.99632143e+00 
 2.99492000e-03 -1.93941541e+00 
 3.00492000e-03 -1.88251547e+00 
 3.01492000e-03 -1.82562283e+00 
 3.02492000e-03 -1.76873874e+00 
 3.03492000e-03 -1.71186449e+00 
 3.04492000e-03 -1.65500144e+00 
 3.05492000e-03 -1.59815099e+00 
 3.06492000e-03 -1.54131463e+00 
 3.07492000e-03 -1.48449392e+00 
 3.08492000e-03 -1.42769051e+00 
 3.09492000e-03 -1.37090617e+00 
 3.10492000e-03 -1.31414280e+00 
 3.11492000e-03 -1.25740242e+00 
 3.12492000e-03 -1.20068724e+00 
 3.13492000e-03 -1.14399970e+00 
 3.14492000e-03 -1.08734246e+00 
 3.15492000e-03 -1.03071849e+00 
 3.16492000e-03 -9.74131138e-01 
 3.17492000e-03 -9.17584201e-01 
 3.18492000e-03 -8.61082051e-01 
 3.19492000e-03 -8.04629780e-01 
 3.20492000e-03 -7.48233412e-01 
 3.21492000e-03 -6.91900179e-01 
 3.22492000e-03 -6.35638932e-01 
 3.23492000e-03 -5.79460713e-01 
 3.24492000e-03 -5.23379630e-01 
 3.25492000e-03 -4.67414195e-01 
 3.26492000e-03 -4.11589485e-01 
 3.27492000e-03 -3.55940794e-01 
 3.28492000e-03 -3.00520210e-01 
 3.29492000e-03 -2.45409416e-01 
 3.30492000e-03 -1.90747238e-01 
 3.31492000e-03 -1.36797730e-01 
 3.32492000e-03 -8.41546475e-02 
 3.33492000e-03 -3.51023637e-02 
 3.34492000e-03 -2.29984034e-03 
 3.35492000e-03 -5.13841670e-05 
 3.36492000e-03 -4.97759195e-05 
 3.37492000e-03 -4.85615244e-05 
 3.38492000e-03 -4.73456016e-05 
 3.39492000e-03 -4.61283366e-05 
 3.40492000e-03 -4.49097507e-05 
 3.41492000e-03 -4.36898676e-05 
 3.42492000e-03 -4.24687064e-05 
 3.43492000e-03 -4.12462913e-05 
 3.44492000e-03 -4.00226439e-05 
 3.45492000e-03 -3.87977859e-05 
 3.46492000e-03 -3.75717421e-05 
 3.47492000e-03 -3.63445363e-05 
 3.48492000e-03 -3.51161922e-05 
 3.49492000e-03 -3.38867354e-05 
 3.50492000e-03 -3.26561933e-05 
 3.51492000e-03 -3.14245925e-05 
 3.52492000e-03 -3.01919612e-05 
 3.53492000e-03 -2.89583298e-05 
 3.54492000e-03 -2.77237301e-05 
 3.55492000e-03 -2.64881948e-05 
 3.56492000e-03 -2.52517596e-05 
 3.57492000e-03 -2.40144644e-05 
 3.58492000e-03 -2.27763488e-05 
 3.59492000e-03 -2.15374606e-05 
 3.60492000e-03 -2.02978493e-05 
 3.61492000e-03 -1.90575721e-05 
 3.62492000e-03 -1.78166944e-05 
 3.63492000e-03 -1.65752918e-05 
 3.64492000e-03 -1.53334514e-05 
 3.65492000e-03 -1.40912811e-05 
 3.66492000e-03 -1.28489102e-05 
 3.67492000e-03 -1.16065042e-05 
 3.68492000e-03 -1.03642778e-05 
 3.69492000e-03 -9.12251771e-06 
 3.70492000e-03 -7.88163006e-06 
 3.71492000e-03 -6.64221527e-06 
 3.72492000e-03 -5.40522204e-06 
 3.73492000e-03 -4.17229932e-06 
 3.74492000e-03 -2.94670052e-06 
 3.75492000e-03 -1.73627829e-06 
 3.76492000e-03 -5.68010309e-07 
 3.77492000e-03  5.08074115e-08 
 3.78492000e-03 -4.18725600e-11 
 3.79492000e-03 -4.76084449e-11 
 3.80492000e-03 -4.63349283e-11 
 3.81492000e-03 -4.50142016e-11 
 3.82492000e-03 -4.37032106e-11 
 3.83492000e-03 -4.24711309e-11 
 3.84492000e-03 -4.12145409e-11 
 3.85492000e-03 -3.99476173e-11 
 3.86492000e-03 -3.86757233e-11 
 3.87492000e-03 -3.74016430e-11 
 3.88492000e-03 -3.61255472e-11 
 3.89492000e-03 -3.48486145e-11 
 3.90492000e-03 -3.35714597e-11 
 3.91492000e-03 -3.22927335e-11 
 3.92492000e-03 -3.10140074e-11 
 3.93492000e-03 -2.97345980e-11 
 3.94492000e-03 -2.84545225e-11 
 3.95492000e-03 -2.71742590e-11 
 3.96492000e-03 -2.58933807e-11 
 3.97492000e-03 -2.46121779e-11 
 3.98492000e-03 -2.33309409e-11 
 3.99492000e-03 -2.20492257e-11 
 4.00492000e-03 -2.07668187e-11 
 4.01492000e-03 -1.94844202e-11 
 4.02492000e-03 -1.82018937e-11 
 4.03492000e-03 -1.69188035e-11 
 4.04492000e-03 -1.56353375e-11 
 4.05492000e-03 -1.43520850e-11 
 4.06492000e-03 -1.30683970e-11 
 4.07492000e-03 -1.17844527e-11 
 4.08492000e-03 -1.05004402e-11 
 4.09492000e-03 -9.21632512e-12 
 4.10492000e-03 -7.93200511e-12 
 4.11492000e-03 -6.64755700e-12 
 4.12492000e-03 -5.36301922e-12 
 4.13492000e-03 -4.07848571e-12 
 4.14492000e-03 -2.79377712e-12 
 4.15492000e-03 -1.50911444e-12 
 4.16492000e-03 -2.24393709e-13 
 4.17492000e-03  1.06033049e-12 
 4.18492000e-03  2.34502627e-12 
 4.19492000e-03  3.62965479e-12 
 4.20492000e-03  4.91428224e-12 
 4.21492000e-03  6.19878159e-12 
 4.22492000e-03  7.48333219e-12 
 4.23492000e-03  8.76759241e-12 
 4.24492000e-03  1.00517886e-11 
 4.25492000e-03  1.13358695e-11 
 4.26492000e-03  1.26198906e-11 
 4.27492000e-03  1.39036042e-11 
 4.28492000e-03  1.51872666e-11 
 4.29492000e-03  1.64705960e-11 
 4.30492000e-03  1.77536179e-11 
 4.31492000e-03  1.90364177e-11 
 4.32492000e-03  2.03187478e-11 
 4.33492000e-03  2.16011890e-11 
 4.34492000e-03  2.28836045e-11 
 4.35492000e-03  2.41648586e-11 
 4.36492000e-03  2.54457369e-11 
 4.37492000e-03  2.67269056e-11 
 4.38492000e-03  2.80073910e-11 
 4.39492000e-03  2.92874153e-11 
 4.40492000e-03  3.05669955e-11 
 4.41492000e-03  3.18461316e-11 
 4.42492000e-03  3.31247040e-11 
 4.43492000e-03  3.44025079e-11 
 4.44492000e-03  3.56794406e-11 
 4.45492000e-03  3.69549727e-11 
 4.46492000e-03  3.82298729e-11 
 4.47492000e-03  3.95018011e-11 
 4.48492000e-03  4.07688272e-11 
 4.49492000e-03  4.20257076e-11 
 4.50492000e-03  4.32547811e-11 
 4.51492000e-03  4.45647814e-11 
 4.52492000e-03  4.57716846e-11 
 4.53492000e-03  4.71819124e-11 
 4.54492000e-03  4.90046308e-11 
 4.55492000e-03  1.69151388e-09 
 4.56492000e-03  9.57346268e-08 
 4.57492000e-03  1.05638697e-06 
 4.58492000e-03  2.20762702e-06 
 4.59492000e-03  3.45121705e-06 
 4.60492000e-03  4.78713771e-06 
 4.61492000e-03  6.21534435e-06 
 4.62492000e-03  7.73531779e-06 
 4.63492000e-03  9.32230969e-06 
 4.64492000e-03  1.05515150e-05 
 4.65492000e-03  1.18445178e-05 
 4.66492000e-03  1.31469344e-05 
 4.67492000e-03  1.43934197e-05 
 4.68492000e-03  1.56597900e-05 
 4.69492000e-03  1.69193875e-05 
 4.70492000e-03  1.81761502e-05 
 4.71492000e-03  1.94322491e-05 
 4.72492000e-03  2.06877295e-05 
 4.73492000e-03  2.19425463e-05 
 4.74492000e-03  2.31966431e-05 
 4.75492000e-03  2.44499683e-05 
 4.76492000e-03  2.57024776e-05 
 4.77492000e-03  2.69541290e-05 
 4.78492000e-03  2.82048862e-05 
 4.79492000e-03  2.94547118e-05 
 4.80492000e-03  3.07035728e-05 
 4.81492000e-03  3.19514390e-05 
 4.82492000e-03  3.31982792e-05 
 4.83492000e-03  3.44440656e-05 
 4.84492000e-03  3.56887726e-05 
 4.85492000e-03  3.69323710e-05 
 4.86492000e-03  3.81748377e-05 
 4.87492000e-03  3.94161474e-05 
 4.88492000e-03  4.06562758e-05 
 4.89492000e-03  4.18952001e-05 
 4.90492000e-03  4.31328977e-05 
 4.91492000e-03  4.43693457e-05 
 4.92492000e-03  4.56045223e-05 
 4.93492000e-03  4.68384071e-05 
 4.94492000e-03  4.80709776e-05 
 4.95492000e-03  4.93040352e-05 
 4.96492000e-03  2.53599653e-04 
 4.97492000e-03  1.95312852e-02 
 4.98492000e-03  6.69180156e-02 
 4.99492000e-03  1.19749161e-01 
 5.00492000e-03  1.74243587e-01 
 5.01492000e-03  2.29690298e-01 
 5.02492000e-03  2.85413573e-01 
 5.03492000e-03  3.41249917e-01 
 5.04492000e-03  3.97150489e-01 
 5.05492000e-03  4.53058559e-01 
 5.06492000e-03  5.08932647e-01 
 5.07492000e-03  5.64744413e-01 
 5.08492000e-03  6.20473281e-01 
 5.09492000e-03  6.76103738e-01 
 5.10492000e-03  7.31623783e-01 
 5.11492000e-03  7.87023914e-01 
 5.12492000e-03  8.42296462e-01 
 5.13492000e-03  8.97435119e-01 
 5.14492000e-03  9.52434622e-01 
 5.15492000e-03  1.00729051e+00 
 5.16492000e-03  1.06199897e+00 
 5.17492000e-03  1.11655669e+00 
 5.18492000e-03  1.17096075e+00 
 5.19492000e-03  1.22520860e+00 
 5.20492000e-03  1.27929793e+00 
 5.21492000e-03  1.33322669e+00 
 5.22492000e-03  1.38699301e+00 
 5.23492000e-03  1.44059519e+00 
 5.24492000e-03  1.49403165e+00 
 5.25492000e-03  1.54730095e+00 
 5.26492000e-03  1.60040175e+00 
 5.27492000e-03  1.65333279e+00 
 5.28492000e-03  1.70609291e+00 
 5.29492000e-03  1.75868098e+00 
 5.30492000e-03  1.81109597e+00 
 5.31492000e-03  1.86333689e+00 
 5.32492000e-03  1.91540278e+00 
 5.33492000e-03  1.96729276e+00 
 5.34492000e-03  2.01900594e+00 
 5.35492000e-03  2.07054151e+00 
 5.36492000e-03  2.12189867e+00 
 5.37492000e-03  2.17307664e+00 
 5.38492000e-03  2.22407468e+00 
 5.39492000e-03  2.27489207e+00 
 5.40492000e-03  2.32552811e+00 
 5.41492000e-03  2.37598211e+00 
 5.42492000e-03  2.42625343e+00 
 5.43492000e-03  2.47634140e+00 
 5.44492000e-03  2.52624540e+00 
 5.45492000e-03  2.57596482e+00 
 5.46492000e-03  2.62549905e+00 
 5.47492000e-03  2.67484750e+00 
 5.48492000e-03  2.72400960e+00 
 5.49492000e-03  2.77298477e+00 
 5.50492000e-03  2.82177246e+00 
 5.51492000e-03  2.87037212e+00 
 5.52492000e-03  2.91878322e+00 
 5.53492000e-03  2.96700523e+00 
 5.54492000e-03  3.01503761e+00 
 5.55492000e-03  3.06287987e+00 
 5.56492000e-03  3.11053149e+00 
 5.57492000e-03  3.15799198e+00 
 5.58492000e-03  3.20526084e+00 
 5.59492000e-03  3.25233759e+00 
 5.60492000e-03  3.29922174e+00 
 5.61492000e-03  3.34591284e+00 
 5.62492000e-03  3.39241040e+00 
 5.63492000e-03  3.43871396e+00 
 5.64492000e-03  3.48482308e+00 
 5.65492000e-03  3.53073729e+00 
 5.66492000e-03  3.57645616e+00 
 5.67492000e-03  3.62197923e+00 
 5.68492000e-03  3.66730608e+00 
 5.69492000e-03  3.71243628e+00 
 5.70492000e-03  3.75736938e+00 
 5.71492000e-03  3.80210498e+00 
 5.72492000e-03  3.84664265e+00 
 5.73492000e-03  3.89098198e+00 
 5.74492000e-03  3.93512256e+00 
 5.75492000e-03  3.97906398e+00 
 5.76492000e-03  4.02280584e+00 
 5.77492000e-03  4.06634774e+00 
 5.78492000e-03  4.10968928e+00 
 5.79492000e-03  4.15283009e+00 
 5.80492000e-03  4.19576975e+00 
 5.81492000e-03  4.23850791e+00 
 5.82492000e-03  4.28104417e+00 
 5.83492000e-03  4.32337815e+00 
 5.84492000e-03  4.36550949e+00 
 5.85492000e-03  4.40743782e+00 
 5.86492000e-03  4.44916276e+00 
 5.87492000e-03  4.49068396e+00 
 5.88492000e-03  4.53200106e+00 
 5.89492000e-03  4.57311370e+00 
 5.90492000e-03  4.61402152e+00 
 5.91492000e-03  4.65472418e+00 
 5.92492000e-03  4.69522134e+00 
 5.93492000e-03  4.73551264e+00 
 5.94492000e-03  4.77559775e+00 
 5.95492000e-03  4.81547634e+00 
 5.96492000e-03  4.85514806e+00 
 5.97492000e-03  4.89461259e+00 
 5.98492000e-03  4.93386959e+00 
 5.99492000e-03  4.97291875e+00 
 6.00492000e-03  5.01175975e+00 
 6.01492000e-03  5.05039226e+00 
 6.02492000e-03  5.08881597e+00 
 6.03492000e-03  5.12703056e+00 
 6.04492000e-03  5.16503574e+00 
 6.05492000e-03  5.20283118e+00 
 6.06492000e-03  5.24041659e+00 
 6.07492000e-03  5.27779167e+00 
 6.08492000e-03  5.31495612e+00 
 6.09492000e-03  5.35190964e+00 
 6.10492000e-03  5.38865195e+00 
 6.11492000e-03  5.42518275e+00 
 6.12492000e-03  5.46150176e+00 
 6.13492000e-03  5.49760869e+00 
 6.14492000e-03  5.53350327e+00 
 6.15492000e-03  5.56918521e+00 
 6.16492000e-03  5.60465425e+00 
 6.17492000e-03  5.63991011e+00 
 6.18492000e-03  5.67495253e+00 
 6.19492000e-03  5.70978123e+00 
 6.20492000e-03  5.74439596e+00 
 6.21492000e-03  5.77879646e+00 
 6.22492000e-03  5.81298246e+00 
 6.23492000e-03  5.84695372e+00 
 6.24492000e-03  5.88070998e+00 
 6.25492000e-03  5.91425099e+00 
 6.26492000e-03  5.94757651e+00 
 6.27492000e-03  5.98068630e+00 
 6.28492000e-03  6.01358012e+00 
 6.29492000e-03  6.04625772e+00 
 6.30492000e-03  6.07871888e+00 
 6.31492000e-03  6.11096336e+00 
 6.32492000e-03  6.14299093e+00 
 6.33492000e-03  6.17480138e+00 
 6.34492000e-03  6.20639447e+00 
 6.35492000e-03  6.23776998e+00 
 6.36492000e-03  6.26892771e+00 
 6.37492000e-03  6.29986742e+00 
 6.38492000e-03  6.33058892e+00 
 6.39492000e-03  6.36109200e+00 
 6.40492000e-03  6.39137644e+00 
 6.41492000e-03  6.42144205e+00 
 6.42492000e-03  6.45128862e+00 
 6.43492000e-03  6.48091595e+00 
 6.44492000e-03  6.51032386e+00 
 6.45492000e-03  6.53951215e+00 
 6.46492000e-03  6.56848063e+00 
 6.47492000e-03  6.59722912e+00 
 6.48492000e-03  6.62575743e+00 
 6.49492000e-03  6.65406538e+00 
 6.50492000e-03  6.68215279e+00 
 6.51492000e-03  6.71001949e+00 
 6.52492000e-03  6.73766532e+00 
 6.53492000e-03  6.76509008e+00 
 6.54492000e-03  6.79229363e+00 
 6.55492000e-03  6.81927580e+00 
 6.56492000e-03  6.84603643e+00 
 6.57492000e-03  6.87257535e+00 
 6.58492000e-03  6.89889242e+00 
 6.59492000e-03  6.92498749e+00 
 6.60492000e-03  6.95086039e+00 
 6.61492000e-03  6.97651099e+00 
 6.62492000e-03  7.00193915e+00 
 6.63492000e-03  7.02714472e+00 
 6.64492000e-03  7.05212756e+00 
 6.65492000e-03  7.07688754e+00 
 6.66492000e-03  7.10142453e+00 
 6.67492000e-03  7.12573840e+00 
 6.68492000e-03  7.14982902e+00 
 6.69492000e-03  7.17369626e+00 
 6.70492000e-03  7.19734001e+00 
 6.71492000e-03  7.22076015e+00 
 6.72492000e-03  7.24395656e+00 
 6.73492000e-03  7.26692913e+00 
 6.74492000e-03  7.28967776e+00 
 6.75492000e-03  7.31220233e+00 
 6.76492000e-03  7.33450274e+00 
 6.77492000e-03  7.35657888e+00 
 6.78492000e-03  7.37843067e+00 
 6.79492000e-03  7.40005801e+00 
 6.80492000e-03  7.42146080e+00 
 6.81492000e-03  7.44263895e+00 
 6.82492000e-03  7.46359238e+00 
 6.83492000e-03  7.48432101e+00 
 6.84492000e-03  7.50482475e+00 
 6.85492000e-03  7.52510352e+00 
 6.86492000e-03  7.54515725e+00 
 6.87492000e-03  7.56498587e+00 
 6.88492000e-03  7.58458930e+00 
 6.89492000e-03  7.60396749e+00 
 6.90492000e-03  7.62312036e+00 
 6.91492000e-03  7.64204786e+00 
 6.92492000e-03  7.66074993e+00 
 6.93492000e-03  7.67922650e+00 
 6.94492000e-03  7.69747754e+00 
 6.95492000e-03  7.71550299e+00 
 6.96492000e-03  7.73330280e+00 
 6.97492000e-03  7.75087693e+00 
 6.98492000e-03  7.76822534e+00 
 6.99492000e-03  7.78534800e+00 
 7.00492000e-03  7.80224485e+00 
 7.01492000e-03  7.81891588e+00 
 7.02492000e-03  7.83536106e+00 
 7.03492000e-03  7.85158035e+00 
 7.04492000e-03  7.86757373e+00 
 7.05492000e-03  7.88334119e+00 
 7.06492000e-03  7.89888270e+00 
 7.07492000e-03  7.91419825e+00 
 7.08492000e-03  7.92928783e+00 
 7.09492000e-03  7.94415142e+00 
 7.10492000e-03  7.95878903e+00 
 7.11492000e-03  7.97320065e+00 
 7.12492000e-03  7.98738627e+00 
 7.13492000e-03  8.00134590e+00 
 7.14492000e-03  8.01507954e+00 
 7.15492000e-03  8.02858721e+00 
 7.16492000e-03  8.04186891e+00 
 7.17492000e-03  8.05492465e+00 
 7.18492000e-03  8.06775446e+00 
 7.19492000e-03  8.08035835e+00 
 7.20492000e-03  8.09273634e+00 
 7.21492000e-03  8.10488846e+00 
 7.22492000e-03  8.11681474e+00 
 7.23492000e-03  8.12851521e+00 
 7.24492000e-03  8.13998990e+00 
 7.25492000e-03  8.15123884e+00 
 7.26492000e-03  8.16226209e+00 
 7.27492000e-03  8.17305967e+00 
 7.28492000e-03  8.18363164e+00 
 7.29492000e-03  8.19397804e+00 
 7.30492000e-03  8.20409892e+00 
 7.31492000e-03  8.21399435e+00 
 7.32492000e-03  8.22366436e+00 
 7.33492000e-03  8.23310903e+00 
 7.34492000e-03  8.24232842e+00 
 7.35492000e-03  8.25132259e+00 
 7.36492000e-03  8.26009160e+00 
 7.37492000e-03  8.26863554e+00 
 7.38492000e-03  8.27695447e+00 
 7.39492000e-03  8.28504848e+00 
 7.40492000e-03  8.29291763e+00 
 7.41492000e-03  8.30056202e+00 
 7.42492000e-03  8.30798172e+00 
 7.43492000e-03  8.31517683e+00 
 7.44492000e-03  8.32214744e+00 
 7.45492000e-03  8.32889364e+00 
 7.46492000e-03  8.33541553e+00 
 7.47492000e-03  8.34171320e+00 
 7.48492000e-03  8.34778677e+00 
 7.49492000e-03  8.35363633e+00 
 7.50492000e-03  8.35926199e+00 
 7.51492000e-03  8.36466387e+00 
 7.52492000e-03  8.36984208e+00 
 7.53492000e-03  8.37479673e+00 
 7.54492000e-03  8.37952795e+00 
 7.55492000e-03  8.38403585e+00 
 7.56492000e-03  8.38832056e+00 
 7.57492000e-03  8.39238222e+00 
 7.58492000e-03  8.39622095e+00 
 7.59492000e-03  8.39983688e+00 
 7.60492000e-03  8.40323016e+00 
 7.61492000e-03  8.40640091e+00 
 7.62492000e-03  8.40934929e+00 
 7.63492000e-03  8.41207544e+00 
 7.64492000e-03  8.41457950e+00 
 7.65492000e-03  8.41686164e+00 
 7.66492000e-03  8.41892199e+00 
 7.67492000e-03  8.42076072e+00 
 7.68492000e-03  8.42237799e+00 
 7.69492000e-03  8.42377396e+00 
 7.70492000e-03  8.42494879e+00 
 7.71492000e-03  8.42590265e+00 
 7.72492000e-03  8.42663572e+00 
 7.73492000e-03  8.42714816e+00 
 7.74492000e-03  8.42744015e+00 
 7.75492000e-03  8.42751188e+00 
 7.76492000e-03  8.42736352e+00 
 7.77492000e-03  8.42699525e+00 
 7.78492000e-03  8.42640728e+00 
 7.79492000e-03  8.42559977e+00 
 7.80492000e-03  8.42457294e+00 
 7.81492000e-03  8.42332697e+00 
 7.82492000e-03  8.42186207e+00 
 7.83492000e-03  8.42017843e+00 
 7.84492000e-03  8.41827625e+00 
 7.85492000e-03  8.41615576e+00 
 7.86492000e-03  8.41381715e+00 
 7.87492000e-03  8.41126064e+00 
 7.88492000e-03  8.40848645e+00 
 7.89492000e-03  8.40549479e+00 
 7.90492000e-03  8.40228588e+00 
 7.91492000e-03  8.39885995e+00 
 7.92492000e-03  8.39521722e+00 
 7.93492000e-03  8.39135793e+00 
 7.94492000e-03  8.38728231e+00 
 7.95492000e-03  8.38299058e+00 
 7.96492000e-03  8.37848299e+00 
 7.97492000e-03  8.37375978e+00 
 7.98492000e-03  8.36882120e+00 
 7.99492000e-03  8.36366748e+00 
 8.00492000e-03  8.35829888e+00 
 8.01492000e-03  8.35271565e+00 
 8.02492000e-03  8.34691804e+00 
 8.03492000e-03  8.34090631e+00 
 8.04492000e-03  8.33468072e+00 
 8.05492000e-03  8.32824153e+00 
 8.06492000e-03  8.32158900e+00 
 8.07492000e-03  8.31472341e+00 
 8.08492000e-03  8.30764503e+00 
 8.09492000e-03  8.30035413e+00 
 8.10492000e-03  8.29285098e+00 
 8.11492000e-03  8.28513586e+00 
 8.12492000e-03  8.27720906e+00 
 8.13492000e-03  8.26907086e+00 
 8.14492000e-03  8.26072155e+00 
 8.15492000e-03  8.25216141e+00 
 8.16492000e-03  8.24339074e+00 
 8.17492000e-03  8.23440984e+00 
 8.18492000e-03  8.22521899e+00 
 8.19492000e-03  8.21581851e+00 
 8.20492000e-03  8.20620870e+00 
 8.21492000e-03  8.19638985e+00 
 8.22492000e-03  8.18636228e+00 
 8.23492000e-03  8.17612631e+00 
 8.24492000e-03  8.16568224e+00 
 8.25492000e-03  8.15503039e+00 
 8.26492000e-03  8.14417108e+00 
 8.27492000e-03  8.13310463e+00 
 8.28492000e-03  8.12183137e+00 
 8.29492000e-03  8.11035162e+00 
 8.30492000e-03  8.09866571e+00 
 8.31492000e-03  8.08677399e+00 
 8.32492000e-03  8.07467677e+00 
 8.33492000e-03  8.06237440e+00 
 8.34492000e-03  8.04986722e+00 
 8.35492000e-03  8.03715558e+00 
 8.36492000e-03  8.02423981e+00 
 8.37492000e-03  8.01112027e+00 
 8.38492000e-03  7.99779731e+00 
 8.39492000e-03  7.98427127e+00 
 8.40492000e-03  7.97054253e+00 
 8.41492000e-03  7.95661143e+00 
 8.42492000e-03  7.94247833e+00 
 8.43492000e-03  7.92814361e+00 
 8.44492000e-03  7.91360763e+00 
 8.45492000e-03  7.89887075e+00 
 8.46492000e-03  7.88393335e+00 
 8.47492000e-03  7.86879580e+00 
 8.48492000e-03  7.85345848e+00 
 8.49492000e-03  7.83792177e+00 
 8.50492000e-03  7.82218605e+00 
 8.51492000e-03  7.80625171e+00 
 8.52492000e-03  7.79011913e+00 
 8.53492000e-03  7.77378870e+00 
 8.54492000e-03  7.75726081e+00 
 8.55492000e-03  7.74053587e+00 
 8.56492000e-03  7.72361425e+00 
 8.57492000e-03  7.70649638e+00 
 8.58492000e-03  7.68918264e+00 
 8.59492000e-03  7.67167345e+00 
 8.60492000e-03  7.65396921e+00 
 8.61492000e-03  7.63607033e+00 
 8.62492000e-03  7.61797722e+00 
 8.63492000e-03  7.59969029e+00 
 8.64492000e-03  7.58120998e+00 
 8.65492000e-03  7.56253669e+00 
 8.66492000e-03  7.54367084e+00 
 8.67492000e-03  7.52461287e+00 
 8.68492000e-03  7.50536319e+00 
 8.69492000e-03  7.48592225e+00 
 8.70492000e-03  7.46629047e+00 
 8.71492000e-03  7.44646828e+00 
 8.72492000e-03  7.42645613e+00 
 8.73492000e-03  7.40625444e+00 
 8.74492000e-03  7.38586368e+00 
 8.75492000e-03  7.36528427e+00 
 8.76492000e-03  7.34451667e+00 
 8.77492000e-03  7.32356133e+00 
 8.78492000e-03  7.30241869e+00 
 8.79492000e-03  7.28108922e+00 
 8.80492000e-03  7.25957336e+00 
 8.81492000e-03  7.23787158e+00 
 8.82492000e-03  7.21598434e+00 
 8.83492000e-03  7.19391211e+00 
 8.84492000e-03  7.17165534e+00 
 8.85492000e-03  7.14921451e+00 
 8.86492000e-03  7.12659009e+00 
 8.87492000e-03  7.10378255e+00 
 8.88492000e-03  7.08079236e+00 
 8.89492000e-03  7.05762002e+00 
 8.90492000e-03  7.03426599e+00 
 8.91492000e-03  7.01073076e+00 
 8.92492000e-03  6.98701481e+00 
 8.93492000e-03  6.96311864e+00 
 8.94492000e-03  6.93904272e+00 
 8.95492000e-03  6.91478756e+00 
 8.96492000e-03  6.89035365e+00 
 8.97492000e-03  6.86574149e+00 
 8.98492000e-03  6.84095157e+00 
 8.99492000e-03  6.81598439e+00 
 9.00492000e-03  6.79084047e+00 
 9.01492000e-03  6.76552030e+00 
 9.02492000e-03  6.74002439e+00 
 9.03492000e-03  6.71435326e+00 
 9.04492000e-03  6.68850741e+00 
 9.05492000e-03  6.66248737e+00 
 9.06492000e-03  6.63629365e+00 
 9.07492000e-03  6.60992677e+00 
 9.08492000e-03  6.58338725e+00 
 9.09492000e-03  6.55667561e+00 
 9.10492000e-03  6.52979239e+00 
 9.11492000e-03  6.50273811e+00 
 9.12492000e-03  6.47551330e+00 
 9.13492000e-03  6.44811850e+00 
 9.14492000e-03  6.42055424e+00 
 9.15492000e-03  6.39282105e+00 
 9.16492000e-03  6.36491949e+00 
 9.17492000e-03  6.33685008e+00 
 9.18492000e-03  6.30861338e+00 
 9.19492000e-03  6.28020993e+00 
 9.20492000e-03  6.25164028e+00 
 9.21492000e-03  6.22290498e+00 
 9.22492000e-03  6.19400458e+00 
 9.23492000e-03  6.16493964e+00 
 9.24492000e-03  6.13571072e+00 
 9.25492000e-03  6.10631837e+00 
 9.26492000e-03  6.07676316e+00 
 9.27492000e-03  6.04704565e+00 
 9.28492000e-03  6.01716640e+00 
 9.29492000e-03  5.98712600e+00 
 9.30492000e-03  5.95692499e+00 
 9.31492000e-03  5.92656396e+00 
 9.32492000e-03  5.89604349e+00 
 9.33492000e-03  5.86536414e+00 
 9.34492000e-03  5.83452650e+00 
 9.35492000e-03  5.80353115e+00 
 9.36492000e-03  5.77237867e+00 
 9.37492000e-03  5.74106965e+00 
 9.38492000e-03  5.70960466e+00 
 9.39492000e-03  5.67798432e+00 
 9.40492000e-03  5.64620919e+00 
 9.41492000e-03  5.61427988e+00 
 9.42492000e-03  5.58219699e+00 
 9.43492000e-03  5.54996110e+00 
 9.44492000e-03  5.51757283e+00 
 9.45492000e-03  5.48503276e+00 
 9.46492000e-03  5.45234151e+00 
 9.47492000e-03  5.41949969e+00 
 9.48492000e-03  5.38650789e+00 
 9.49492000e-03  5.35336673e+00 
 9.50492000e-03  5.32007682e+00 
 9.51492000e-03  5.28663878e+00 
 9.52492000e-03  5.25305322e+00 
 9.53492000e-03  5.21932076e+00 
 9.54492000e-03  5.18544202e+00 
 9.55492000e-03  5.15141762e+00 
 9.56492000e-03  5.11724818e+00 
 9.57492000e-03  5.08293434e+00 
 9.58492000e-03  5.04847672e+00 
 9.59492000e-03  5.01387595e+00 
 9.60492000e-03  4.97913266e+00 
 9.61492000e-03  4.94424750e+00 
 9.62492000e-03  4.90922108e+00 
 9.63492000e-03  4.87405406e+00 
 9.64492000e-03  4.83874707e+00 
 9.65492000e-03  4.80330076e+00 
 9.66492000e-03  4.76771577e+00 
 9.67492000e-03  4.73199275e+00 
 9.68492000e-03  4.69613234e+00 
 9.69492000e-03  4.66013520e+00 
 9.70492000e-03  4.62400198e+00 
 9.71492000e-03  4.58773333e+00 
 9.72492000e-03  4.55132991e+00 
 9.73492000e-03  4.51479239e+00 
 9.74492000e-03  4.47812141e+00 
 9.75492000e-03  4.44131765e+00 
 9.76492000e-03  4.40438176e+00 
 9.77492000e-03  4.36731442e+00 
 9.78492000e-03  4.33011630e+00 
 9.79492000e-03  4.29278806e+00 
 9.80492000e-03  4.25533038e+00 
 9.81492000e-03  4.21774394e+00 
 9.82492000e-03  4.18002941e+00 
 9.83492000e-03  4.14218747e+00 
 9.84492000e-03  4.10421881e+00 
 9.85492000e-03  4.06612410e+00 
 9.86492000e-03  4.02790405e+00 
 9.87492000e-03  3.98955932e+00 
 9.88492000e-03  3.95109062e+00 
 9.89492000e-03  3.91249863e+00 
 9.90492000e-03  3.87378406e+00 
 9.91492000e-03  3.83494759e+00 
 9.92492000e-03  3.79598994e+00 
 9.93492000e-03  3.75691179e+00 
 9.94492000e-03  3.71771386e+00 
 9.95492000e-03  3.67839685e+00 
 9.96492000e-03  3.63896148e+00 
 9.97492000e-03  3.59940845e+00 
 9.98492000e-03  3.55973847e+00 
 9.99492000e-03  3.51995227e+00 
 1.00049200e-02  3.48005056e+00 
 1.00149200e-02  3.44003407e+00 
 1.00249200e-02  3.39990352e+00 
 1.00349200e-02  3.35965963e+00 
 1.00449200e-02  3.31930314e+00 
 1.00549200e-02  3.27883479e+00 
 1.00649200e-02  3.23825529e+00 
 1.00749200e-02  3.19756541e+00 
 1.00849200e-02  3.15676587e+00 
 1.00949200e-02  3.11585742e+00 
 1.01049200e-02  3.07484082e+00 
 1.01149200e-02  3.03371681e+00 
 1.01249200e-02  2.99248614e+00 
 1.01349200e-02  2.95114959e+00 
 1.01449200e-02  2.90970790e+00 
 1.01549200e-02  2.86816185e+00 
 1.01649200e-02  2.82651221e+00 
 1.01749200e-02  2.78475975e+00 
 1.01849200e-02  2.74290525e+00 
 1.01949200e-02  2.70094950e+00 
 1.02049200e-02  2.65889328e+00 
 1.02149200e-02  2.61673739e+00 
 1.02249200e-02  2.57448263e+00 
 1.02349200e-02  2.53212980e+00 
 1.02449200e-02  2.48967970e+00 
 1.02549200e-02  2.44713317e+00 
 1.02649200e-02  2.40449102e+00 
 1.02749200e-02  2.36175407e+00 
 1.02849200e-02  2.31892318e+00 
 1.02949200e-02  2.27599918e+00 
 1.03049200e-02  2.23298292e+00 
 1.03149200e-02  2.18987527e+00 
 1.03249200e-02  2.14667710e+00 
 1.03349200e-02  2.10338929e+00 
 1.03449200e-02  2.06001274e+00 
 1.03549200e-02  2.01654835e+00 
 1.03649200e-02  1.97299704e+00 
 1.03749200e-02  1.92935973e+00 
 1.03849200e-02  1.88563738e+00 
 1.03949200e-02  1.84183096e+00 
 1.04049200e-02  1.79794143e+00 
 1.04149200e-02  1.75396981e+00 
 1.04249200e-02  1.70991711e+00 
 1.04349200e-02  1.66578438e+00 
 1.04449200e-02  1.62157271e+00 
 1.04549200e-02  1.57728318e+00 
 1.04649200e-02  1.53291693e+00 
 1.04749200e-02  1.48847515e+00 
 1.04849200e-02  1.44395903e+00 
 1.04949200e-02  1.39936984e+00 
 1.05049200e-02  1.35470889e+00 
 1.05149200e-02  1.30997755e+00 
 1.05249200e-02  1.26517725e+00 
 1.05349200e-02  1.22030950e+00 
 1.05449200e-02  1.17537592e+00 
 1.05549200e-02  1.13037819e+00 
 1.05649200e-02  1.08531814e+00 
 1.05749200e-02  1.04019774e+00 
 1.05849200e-02  9.95019087e-01 
 1.05949200e-02  9.49784512e-01 
 1.06049200e-02  9.04496556e-01 
 1.06149200e-02  8.59158041e-01 
 1.06249200e-02  8.13772126e-01 
 1.06349200e-02  7.68342386e-01 
 1.06449200e-02  7.22872908e-01 
 1.06549200e-02  6.77368428e-01 
 1.06649200e-02  6.31834506e-01 
 1.06749200e-02  5.86277766e-01 
 1.06849200e-02  5.40706243e-01 
 1.06949200e-02  4.95129856e-01 
 1.07049200e-02  4.49561130e-01 
 1.07149200e-02  4.04016268e-01 
 1.07249200e-02  3.58516850e-01 
 1.07349200e-02  3.13092624e-01 
 1.07449200e-02  2.67786365e-01 
 1.07549200e-02  2.22662904e-01 
 1.07649200e-02  1.77827453e-01 
 1.07749200e-02  1.33467277e-01 
 1.07849200e-02  8.99625245e-02 
 1.07949200e-02  4.84483091e-02 
 1.08049200e-02  1.29697164e-02 
 1.08149200e-02  3.08270701e-04 
 1.08249200e-02  9.99593276e-05 
 1.08349200e-02  9.89250111e-05 
 1.08449200e-02  9.79020771e-05 
 1.08549200e-02  9.68762276e-05 
 1.08649200e-02  9.58475795e-05 
 1.08749200e-02  9.48161516e-05 
 1.08849200e-02  9.37819527e-05 
 1.08949200e-02  9.27450064e-05 
 1.09049200e-02  9.17053187e-05 
 1.09149200e-02  9.06629138e-05 
 1.09249200e-02  8.96178017e-05 
 1.09349200e-02  8.85700000e-05 
 1.09449200e-02  8.75195233e-05 
 1.09549200e-02  8.64663859e-05 
 1.09649200e-02  8.54106081e-05 
 1.09749200e-02  8.43521995e-05 
 1.09849200e-02  8.32911797e-05 
 1.09949200e-02  8.22275646e-05 
 1.10049200e-02  8.11613661e-05 
 1.10149200e-02  8.00926040e-05 
 1.10249200e-02  7.90212936e-05 
 1.10349200e-02  7.79474516e-05 
 1.10449200e-02  7.68710920e-05 
 1.10549200e-02  7.57922326e-05 
 1.10649200e-02  7.47108873e-05 
 1.10749200e-02  7.36270747e-05 
 1.10849200e-02  7.25408102e-05 
 1.10949200e-02  7.14521101e-05 
 1.11049200e-02  7.03609911e-05 
 1.11149200e-02  6.92674703e-05 
 1.11249200e-02  6.81715626e-05 
 1.11349200e-02  6.70732869e-05 
 1.11449200e-02  6.59726588e-05 
 1.11549200e-02  6.48696954e-05 
 1.11649200e-02  6.37644139e-05 
 1.11749200e-02  6.26568299e-05 
 1.11849200e-02  6.15469616e-05 
 1.11949200e-02  6.04348277e-05 
 1.12049200e-02  5.93204428e-05 
 1.12149200e-02  5.82038259e-05 
 1.12249200e-02  5.70849944e-05 
 1.12349200e-02  5.59639653e-05 
 1.12449200e-02  5.48407582e-05 
 1.12549200e-02  5.37153901e-05 
 1.12649200e-02  5.25878767e-05 
 1.12749200e-02  5.14582386e-05 
 1.12849200e-02  5.03264947e-05 
 1.12949200e-02  4.91926633e-05 
 1.13049200e-02  4.80567627e-05 
 1.13149200e-02  4.69188104e-05 
 1.13249200e-02  4.57788298e-05 
 1.13349200e-02  4.46368343e-05 
 1.13449200e-02  4.34928487e-05 
 1.13549200e-02  4.23468920e-05 
 1.13649200e-02  4.11989836e-05 
 1.13749200e-02  4.00491458e-05 
 1.13849200e-02  3.88973970e-05 
 1.13949200e-02  3.77437605e-05 
 1.14049200e-02  3.65882589e-05 
 1.14149200e-02  3.54309142e-05 
 1.14249200e-02  3.42717479e-05 
 1.14349200e-02  3.31107882e-05 
 1.14449200e-02  3.19480556e-05 
 1.14549200e-02  3.07835792e-05 
 1.14649200e-02  2.96173854e-05 
 1.14749200e-02  2.84494993e-05 
 1.14849200e-02  2.72799540e-05 
 1.14949200e-02  2.61087780e-05 
 1.15049200e-02  2.49360078e-05 
 1.15149200e-02  2.37616752e-05 
 1.15249200e-02  2.25858217e-05 
 1.15349200e-02  2.14084894e-05 
 1.15449200e-02  2.02297223e-05 
 1.15549200e-02  1.90495763e-05 
 1.15649200e-02  1.78681054e-05 
 1.15749200e-02  1.66853804e-05 
 1.15849200e-02  1.55014771e-05 
 1.15949200e-02  1.43164898e-05 
 1.16049200e-02  1.31305308e-05 
 1.16149200e-02  1.19437378e-05 
 1.16249200e-02  1.07562895e-05 
 1.16349200e-02  9.56841779e-06 
 1.16449200e-02  8.38044304e-06 
 1.16549200e-02  7.19281635e-06 
 1.16649200e-02  6.00622323e-06 
 1.16749200e-02  4.82177583e-06 
 1.16849200e-02  3.64147225e-06 
 1.16949200e-02  2.46945595e-06 
 1.17049200e-02  1.31662598e-06 
 1.17149200e-02  2.26910977e-07 
 1.17249200e-02 -2.18352733e-09 
 1.17349200e-02  9.69928441e-11 
 1.17449200e-02  9.55694988e-11 
 1.17549200e-02  9.42504803e-11 
 1.17649200e-02  9.32016046e-11 
 1.17749200e-02  9.18345561e-11 
 1.17849200e-02  9.06784842e-11 
 1.17949200e-02  8.94760220e-11 
 1.18049200e-02  8.82543614e-11 
 1.18149200e-02  8.70232042e-11 
 1.18249200e-02  8.57840534e-11 
 1.18349200e-02  8.45445609e-11 
 1.18449200e-02  8.33015841e-11 
 1.18549200e-02  8.20562160e-11 
 1.18649200e-02  8.08099255e-11 
 1.18749200e-02  7.95622003e-11 
 1.18849200e-02  7.83118789e-11 
 1.18949200e-02  7.70622407e-11 
 1.19049200e-02  7.58117143e-11 
 1.19149200e-02  7.45577035e-11 
 1.19249200e-02  7.33041368e-11 
 1.19349200e-02  7.20475640e-11 
 1.19449200e-02  7.07917085e-11 
 1.19549200e-02  6.95347599e-11 
 1.19649200e-02  6.82770597e-11 
 1.19749200e-02  6.70187447e-11 
 1.19849200e-02  6.57571502e-11 
 1.19949200e-02  6.44968196e-11 
 1.20049200e-02  6.32345761e-11 
 1.20149200e-02  6.19718884e-11 
 1.20249200e-02  6.07076977e-11 
 1.20349200e-02  5.94434045e-11 
 1.20449200e-02  5.81781206e-11 
 1.20549200e-02  5.69118803e-11 
 1.20649200e-02  5.56449908e-11 
 1.20749200e-02  5.43771449e-11 
 1.20849200e-02  5.31087524e-11 
 1.20949200e-02  5.18396425e-11 
 1.21049200e-02  5.05695761e-11 
 1.21149200e-02  4.92981433e-11 
 1.21249200e-02  4.80266080e-11 
 1.21349200e-02  4.67543211e-11 
 1.21449200e-02  4.54813852e-11 
 1.21549200e-02  4.42081760e-11 
 1.21649200e-02  4.29339420e-11 
 1.21749200e-02  4.16589565e-11 
 1.21849200e-02  4.03836805e-11 
 1.21949200e-02  3.91079605e-11 
 1.22049200e-02  3.78312840e-11 
 1.22149200e-02  3.65541122e-11 
 1.22249200e-02  3.52767866e-11 
 1.22349200e-02  3.39983508e-11 
 1.22449200e-02  3.27202225e-11 
 1.22549200e-02  3.14409326e-11 
 1.22649200e-02  3.01616086e-11 
 1.22749200e-02  2.88817723e-11 
 1.22849200e-02  2.76014234e-11 
 1.22949200e-02  2.63206989e-11 
 1.23049200e-02  2.50394448e-11 
 1.23149200e-02  2.37581907e-11 
 1.23249200e-02  2.24764755e-11 
 1.23349200e-02  2.11941624e-11 
 1.23449200e-02  1.99119177e-11 
 1.23549200e-02  1.86293826e-11 
 1.23649200e-02  1.73465059e-11 
 1.23749200e-02  1.60630997e-11 
 1.23849200e-02  1.47797874e-11 
 1.23949200e-02  1.34962446e-11 
 1.24049200e-02  1.22123174e-11 
 1.24149200e-02  1.09285611e-11 
 1.24249200e-02  9.64423679e-12 
 1.24349200e-02  8.36014736e-12 
 1.24449200e-02  7.07577185e-12 
 1.24549200e-02  5.79127250e-12 
 1.24649200e-02  4.50660234e-12 
 1.24749200e-02  3.22202613e-12 
 1.24849200e-02  1.93733676e-12 
 1.24949200e-02  6.52632440e-13 
 1.25049200e-02 -6.32079349e-13 
 1.25149200e-02 -1.91678260e-12 
 1.25249200e-02 -3.20146983e-12 
 1.25349200e-02 -4.48611437e-12 
 1.25449200e-02 -5.77074609e-12 
 1.25549200e-02 -7.05510453e-12 
 1.25649200e-02 -8.33946297e-12 
 1.25749200e-02 -9.62375308e-12 
 1.25849200e-02 -1.09078596e-11 
 1.25949200e-02 -1.21919063e-11 
 1.26049200e-02 -1.34756285e-11 
 1.26149200e-02 -1.47592397e-11 
 1.26249200e-02 -1.60427484e-11 
 1.26349200e-02 -1.73257873e-11 
 1.26449200e-02 -1.86088690e-11 
 1.26549200e-02 -1.98916518e-11 
 1.26649200e-02 -2.11739734e-11 
 1.26749200e-02 -2.24560815e-11 
 1.26849200e-02 -2.37376601e-11 
 1.26949200e-02 -2.50189141e-11 
 1.27049200e-02 -2.62998778e-11 
 1.27149200e-02 -2.75806024e-11 
 1.27249200e-02 -2.88615149e-11 
 1.27349200e-02 -3.01405997e-11 
 1.27449200e-02 -3.14204361e-11 
 1.27549200e-02 -3.26994185e-11 
 1.27649200e-02 -3.39780080e-11 
 1.27749200e-02 -3.52558460e-11 
 1.27849200e-02 -3.65334790e-11 
 1.27949200e-02 -3.78108388e-11 
 1.28049200e-02 -3.90874469e-11 
 1.28149200e-02 -4.03636623e-11 
 1.28249200e-02 -4.16387845e-11 
 1.28349200e-02 -4.29139579e-11 
 1.28449200e-02 -4.41875429e-11 
 1.28549200e-02 -4.54611962e-11 
 1.28649200e-02 -4.67337221e-11 
 1.28749200e-02 -4.80058382e-11 
 1.28849200e-02 -4.92783983e-11 
 1.28949200e-02 -5.05487038e-11 
 1.29049200e-02 -5.18185653e-11 
 1.29149200e-02 -5.30879143e-11 
 1.29249200e-02 -5.43566825e-11 
 1.29349200e-02 -5.56249042e-11 
 1.29449200e-02 -5.68916570e-11 
 1.29549200e-02 -5.81584781e-11 
 1.29649200e-02 -5.94232838e-11 
 1.29749200e-02 -6.06877136e-11 
 1.29849200e-02 -6.19514944e-11 
 1.29949200e-02 -6.32141821e-11 
 1.30049200e-02 -6.44768014e-11 
 1.30149200e-02 -6.57380884e-11 
 1.30249200e-02 -6.69972917e-11 
 1.30349200e-02 -6.82571440e-11 
 1.30449200e-02 -6.95150491e-11 
 1.30549200e-02 -7.07727834e-11 
 1.30649200e-02 -7.20284339e-11 
 1.30749200e-02 -7.32828546e-11 
 1.30849200e-02 -7.45367971e-11 
 1.30949200e-02 -7.57894756e-11 
 1.31049200e-02 -7.70414368e-11 
 1.31149200e-02 -7.82922706e-11 
 1.31249200e-02 -7.95411573e-11 
 1.31349200e-02 -8.07887800e-11 
 1.31449200e-02 -8.20337381e-11 
 1.31549200e-02 -8.32785597e-11 
 1.31649200e-02 -8.45185987e-11 
 1.31749200e-02 -8.57554266e-11 
 1.31849200e-02 -8.69841243e-11 
 1.31949200e-02 -8.81978595e-11 
 1.32049200e-02 -8.93777757e-11 
 1.32149200e-02 -9.07845872e-11 
 1.32249200e-02 -9.18715179e-11 
 1.32349200e-02 -9.32987576e-11 
 1.32449200e-02 -9.45435108e-11 
 1.32549200e-02 -9.87728850e-11 
 1.32649200e-02 -7.24904599e-08 
 1.32749200e-02 -9.94632879e-07 
 1.32849200e-02 -2.00727493e-06 
 1.32949200e-02 -3.11117995e-06 
 1.33049200e-02 -4.30638758e-06 
 1.33149200e-02 -5.59241833e-06 
 1.33249200e-02 -6.96529396e-06 
 1.33349200e-02 -8.36453783e-06 
 1.33449200e-02 -9.27826633e-06 
 1.33549200e-02 -1.02834744e-05 
 1.33649200e-02 -1.14996992e-05 
 1.33749200e-02 -1.28071884e-05 
 1.33849200e-02 -1.42041330e-05 
 1.33949200e-02 -1.56542738e-05 
 1.34049200e-02 -1.63812276e-05 
 1.34149200e-02 -1.73975051e-05 
 1.34249200e-02 -1.86729014e-05 
 1.34349200e-02 -2.00395971e-05 
 1.34449200e-02 -2.14954786e-05 
 1.34549200e-02 -2.29590240e-05 
 1.34649200e-02 -2.40835996e-05 
 1.34749200e-02 -2.52842931e-05 
 1.34849200e-02 -2.65433380e-05 
 1.34949200e-02 -2.77815658e-05 
 1.35049200e-02 -2.89788801e-05 
 1.35149200e-02 -3.01850869e-05 
 1.35249200e-02 -3.13843807e-05 
 1.35349200e-02 -3.25816005e-05 
 1.35449200e-02 -3.37769783e-05 
 1.35549200e-02 -3.49706182e-05 
 1.35649200e-02 -3.61624988e-05 
 1.35749200e-02 -3.73525941e-05 
 1.35849200e-02 -3.85408822e-05 
 1.35949200e-02 -3.97273383e-05 
 1.36049200e-02 -4.09119417e-05 
 1.36149200e-02 -4.20946699e-05 
 1.36249200e-02 -4.32755030e-05 
 1.36349200e-02 -4.44544168e-05 
 1.36449200e-02 -4.56313957e-05 
 1.36549200e-02 -4.68064148e-05 
 1.36649200e-02 -4.79794579e-05 
 1.36749200e-02 -4.91505016e-05 
 1.36849200e-02 -5.03195301e-05 
 1.36949200e-02 -5.14865235e-05 
 1.37049200e-02 -5.26514618e-05 
 1.37149200e-02 -5.38143266e-05 
 1.37249200e-02 -5.49751007e-05 
 1.37349200e-02 -5.61337634e-05 
 1.37449200e-02 -5.72902992e-05 
 1.37549200e-02 -5.84446889e-05 
 1.37649200e-02 -5.95969129e-05 
 1.37749200e-02 -6.07469561e-05 
 1.37849200e-02 -6.18948006e-05 
 1.37949200e-02 -6.30404275e-05 
 1.38049200e-02 -6.41838188e-05 
 1.38149200e-02 -6.53249609e-05 
 1.38249200e-02 -6.64638319e-05 
 1.38349200e-02 -6.76004164e-05 
 1.38449200e-02 -6.87346996e-05 
 1.38549200e-02 -6.98666619e-05 
 1.38649200e-02 -7.09962875e-05 
 1.38749200e-02 -7.21235598e-05 
 1.38849200e-02 -7.32484623e-05 
 1.38949200e-02 -7.43709759e-05 
 1.39049200e-02 -7.54910871e-05 
 1.39149200e-02 -7.66087798e-05 
 1.39249200e-02 -7.77240343e-05 
 1.39349200e-02 -7.88368359e-05 
 1.39449200e-02 -7.99471710e-05 
 1.39549200e-02 -8.10550187e-05 
 1.39649200e-02 -8.21603648e-05 
 1.39749200e-02 -8.32631950e-05 
 1.39849200e-02 -8.43634914e-05 
 1.39949200e-02 -8.54612369e-05 
 1.40049200e-02 -8.65564198e-05 
 1.40149200e-02 -8.76490201e-05 
 1.40249200e-02 -8.87390230e-05 
 1.40349200e-02 -8.98264128e-05 
 1.40449200e-02 -9.09111748e-05 
 1.40549200e-02 -9.19932929e-05 
 1.40649200e-02 -9.30727541e-05 
 1.40749200e-02 -9.41495370e-05 
 1.40849200e-02 -9.52367700e-05 
 1.40949200e-02 -4.19480042e-04 
 1.41049200e-02 -1.75626790e-02 
 1.41149200e-02 -5.78934130e-02 
 1.41249200e-02 -1.03478767e-01 
 1.41349200e-02 -1.50569153e-01 
 1.41449200e-02 -1.98523789e-01 
 1.41549200e-02 -2.46722886e-01 
 1.41649200e-02 -2.94995310e-01 
 1.41749200e-02 -3.43284814e-01 
 1.41849200e-02 -3.91534723e-01 
 1.41949200e-02 -4.39703827e-01 
 1.42049200e-02 -4.87763860e-01 
 1.42149200e-02 -5.35694340e-01 
 1.42249200e-02 -5.83479874e-01 
 1.42349200e-02 -6.31108600e-01 
 1.42449200e-02 -6.78571170e-01 
 1.42549200e-02 -7.25860075e-01 
 1.42649200e-02 -7.72969181e-01 
 1.42749200e-02 -8.19893399e-01 
 1.42849200e-02 -8.66628454e-01 
 1.42949200e-02 -9.13170710e-01 
 1.43049200e-02 -9.59517044e-01 
 1.43149200e-02 -1.00566474e+00 
 1.43249200e-02 -1.05161143e+00 
 1.43349200e-02 -1.09735501e+00 
 1.43449200e-02 -1.14289362e+00 
 1.43549200e-02 -1.18822559e+00 
 1.43649200e-02 -1.23334941e+00 
 1.43749200e-02 -1.27826372e+00 
 1.43849200e-02 -1.32296728e+00 
 1.43949200e-02 -1.36745894e+00 
 1.44049200e-02 -1.41173766e+00 
 1.44149200e-02 -1.45580246e+00 
 1.44249200e-02 -1.49965245e+00 
 1.44349200e-02 -1.54328679e+00 
 1.44449200e-02 -1.58670469e+00 
 1.44549200e-02 -1.62990542e+00 
 1.44649200e-02 -1.67288828e+00 
 1.44749200e-02 -1.71565261e+00 
 1.44849200e-02 -1.75819780e+00 
 1.44949200e-02 -1.80052326e+00 
 1.45049200e-02 -1.84262844e+00 
 1.45149200e-02 -1.88451278e+00 
 1.45249200e-02 -1.92617580e+00 
 1.45349200e-02 -1.96761699e+00 
 1.45449200e-02 -2.00883590e+00 
 1.45549200e-02 -2.04983207e+00 
 1.45649200e-02 -2.09060508e+00 
 1.45749200e-02 -2.13115450e+00 
 1.45849200e-02 -2.17147993e+00 
 1.45949200e-02 -2.21158100e+00 
 1.46049200e-02 -2.25145731e+00 
 1.46149200e-02 -2.29110853e+00 
 1.46249200e-02 -2.33053428e+00 
 1.46349200e-02 -2.36973424e+00 
 1.46449200e-02 -2.40870807e+00 
 1.46549200e-02 -2.44745545e+00 
 1.46649200e-02 -2.48597607e+00 
 1.46749200e-02 -2.52426963e+00 
 1.46849200e-02 -2.56233584e+00 
 1.46949200e-02 -2.60017440e+00 
 1.47049200e-02 -2.63778504e+00 
 1.47149200e-02 -2.67516750e+00 
 1.47249200e-02 -2.71232149e+00 
 1.47349200e-02 -2.74924677e+00 
 1.47449200e-02 -2.78594309e+00 
 1.47549200e-02 -2.82241019e+00 
 1.47649200e-02 -2.85864784e+00 
 1.47749200e-02 -2.89465581e+00 
 1.47849200e-02 -2.93043386e+00 
 1.47949200e-02 -2.96598177e+00 
 1.48049200e-02 -3.00129933e+00 
 1.48149200e-02 -3.03638633e+00 
 1.48249200e-02 -3.07124255e+00 
 1.48349200e-02 -3.10586779e+00 
 1.48449200e-02 -3.14026186e+00 
 1.48549200e-02 -3.17442456e+00 
 1.48649200e-02 -3.20835571e+00 
 1.48749200e-02 -3.24205512e+00 
 1.48849200e-02 -3.27552260e+00 
 1.48949200e-02 -3.30875799e+00 
 1.49049200e-02 -3.34176111e+00 
 1.49149200e-02 -3.37453180e+00 
 1.49249200e-02 -3.40706989e+00 
 1.49349200e-02 -3.43937523e+00 
 1.49449200e-02 -3.47144765e+00 
 1.49549200e-02 -3.50328701e+00 
 1.49649200e-02 -3.53489316e+00 
 1.49749200e-02 -3.56626595e+00 
 1.49849200e-02 -3.59740526e+00 
 1.49949200e-02 -3.62831093e+00 
 1.50049200e-02 -3.65898283e+00 
 1.50149200e-02 -3.68942085e+00 
 1.50249200e-02 -3.71962485e+00 
 1.50349200e-02 -3.74959471e+00 
 1.50449200e-02 -3.77933032e+00 
 1.50549200e-02 -3.80883155e+00 
 1.50649200e-02 -3.83809830e+00 
 1.50749200e-02 -3.86713046e+00 
 1.50849200e-02 -3.89592792e+00 
 1.50949200e-02 -3.92449059e+00 
 1.51049200e-02 -3.95281836e+00 
 1.51149200e-02 -3.98091115e+00 
 1.51249200e-02 -4.00876886e+00 
 1.51349200e-02 -4.03639140e+00 
 1.51449200e-02 -4.06377868e+00 
 1.51549200e-02 -4.09093064e+00 
 1.51649200e-02 -4.11784719e+00 
 1.51749200e-02 -4.14452825e+00 
 1.51849200e-02 -4.17097375e+00 
 1.51949200e-02 -4.19718363e+00 
 1.52049200e-02 -4.22315782e+00 
 1.52149200e-02 -4.24889626e+00 
 1.52249200e-02 -4.27439889e+00 
 1.52349200e-02 -4.29966565e+00 
 1.52449200e-02 -4.32469650e+00 
 1.52549200e-02 -4.34949138e+00 
 1.52649200e-02 -4.37405024e+00 
 1.52749200e-02 -4.39837305e+00 
 1.52849200e-02 -4.42245976e+00 
 1.52949200e-02 -4.44631033e+00 
 1.53049200e-02 -4.46992474e+00 
 1.53149200e-02 -4.49330296e+00 
 1.53249200e-02 -4.51644494e+00 
 1.53349200e-02 -4.53935068e+00 
 1.53449200e-02 -4.56202015e+00 
 1.53549200e-02 -4.58445332e+00 
 1.53649200e-02 -4.60665019e+00 
 1.53749200e-02 -4.62861074e+00 
 1.53849200e-02 -4.65033497e+00 
 1.53949200e-02 -4.67182286e+00 
 1.54049200e-02 -4.69307442e+00 
 1.54149200e-02 -4.71408963e+00 
 1.54249200e-02 -4.73486852e+00 
 1.54349200e-02 -4.75541107e+00 
 1.54449200e-02 -4.77571731e+00 
 1.54549200e-02 -4.79578724e+00 
 1.54649200e-02 -4.81562087e+00 
 1.54749200e-02 -4.83521823e+00 
 1.54849200e-02 -4.85457933e+00 
 1.54949200e-02 -4.87370420e+00 
 1.55049200e-02 -4.89259287e+00 
 1.55149200e-02 -4.91124536e+00 
 1.55249200e-02 -4.92966171e+00 
 1.55349200e-02 -4.94784195e+00 
 1.55449200e-02 -4.96578612e+00 
 1.55549200e-02 -4.98349426e+00 
 1.55649200e-02 -5.00096642e+00 
 1.55749200e-02 -5.01820265e+00 
 1.55849200e-02 -5.03520299e+00 
 1.55949200e-02 -5.05196749e+00 
 1.56049200e-02 -5.06849622e+00 
 1.56149200e-02 -5.08478923e+00 
 1.56249200e-02 -5.10084659e+00 
 1.56349200e-02 -5.11666835e+00 
 1.56449200e-02 -5.13225460e+00 
 1.56549200e-02 -5.14760539e+00 
 1.56649200e-02 -5.16272080e+00 
 1.56749200e-02 -5.17760091e+00 
 1.56849200e-02 -5.19224580e+00 
 1.56949200e-02 -5.20665554e+00 
 1.57049200e-02 -5.22083024e+00 
 1.57149200e-02 -5.23476996e+00 
 1.57249200e-02 -5.24847481e+00 
 1.57349200e-02 -5.26194488e+00 
 1.57449200e-02 -5.27518027e+00 
 1.57549200e-02 -5.28818107e+00 
 1.57649200e-02 -5.30094738e+00 
 1.57749200e-02 -5.31347932e+00 
 1.57849200e-02 -5.32577700e+00 
 1.57949200e-02 -5.33784051e+00 
 1.58049200e-02 -5.34966999e+00 
 1.58149200e-02 -5.36126554e+00 
 1.58249200e-02 -5.37262728e+00 
 1.58349200e-02 -5.38375534e+00 
 1.58449200e-02 -5.39464984e+00 
 1.58549200e-02 -5.40531092e+00 
 1.58649200e-02 -5.41573870e+00 
 1.58749200e-02 -5.42593332e+00 
 1.58849200e-02 -5.43589491e+00 
 1.58949200e-02 -5.44562362e+00 
 1.59049200e-02 -5.45511959e+00 
 1.59149200e-02 -5.46438296e+00 
 1.59249200e-02 -5.47341388e+00 
 1.59349200e-02 -5.48221251e+00 
 1.59449200e-02 -5.49077899e+00 
 1.59549200e-02 -5.49911350e+00 
 1.59649200e-02 -5.50721617e+00 
 1.59749200e-02 -5.51508719e+00 
 1.59849200e-02 -5.52272671e+00 
 1.59949200e-02 -5.53013491e+00 
 1.60049200e-02 -5.53731195e+00 
 1.60149200e-02 -5.54425801e+00 
 1.60249200e-02 -5.55097326e+00 
 1.60349200e-02 -5.55745789e+00 
 1.60449200e-02 -5.56371208e+00 
 1.60549200e-02 -5.56973602e+00 
 1.60649200e-02 -5.57552988e+00 
 1.60749200e-02 -5.58109387e+00 
 1.60849200e-02 -5.58642818e+00 
 1.60949200e-02 -5.59153301e+00 
 1.61049200e-02 -5.59640855e+00 
 1.61149200e-02 -5.60105501e+00 
 1.61249200e-02 -5.60547259e+00 
 1.61349200e-02 -5.60966150e+00 
 1.61449200e-02 -5.61362195e+00 
 1.61549200e-02 -5.61735416e+00 
 1.61649200e-02 -5.62085834e+00 
 1.61749200e-02 -5.62413471e+00 
 1.61849200e-02 -5.62718349e+00 
 1.61949200e-02 -5.63000492e+00 
 1.62049200e-02 -5.63259921e+00 
 1.62149200e-02 -5.63496659e+00 
 1.62249200e-02 -5.63710731e+00 
 1.62349200e-02 -5.63902159e+00 
 1.62449200e-02 -5.64070967e+00 
 1.62549200e-02 -5.64217181e+00 
 1.62649200e-02 -5.64340823e+00 
 1.62749200e-02 -5.64441919e+00 
 1.62849200e-02 -5.64520494e+00 
 1.62949200e-02 -5.64576573e+00 
 1.63049200e-02 -5.64610181e+00 
 1.63149200e-02 -5.64621345e+00 
 1.63249200e-02 -5.64610090e+00 
 1.63349200e-02 -5.64576443e+00 
 1.63449200e-02 -5.64520431e+00 
 1.63549200e-02 -5.64442080e+00 
 1.63649200e-02 -5.64341417e+00 
 1.63749200e-02 -5.64218471e+00 
 1.63849200e-02 -5.64073268e+00 
 1.63949200e-02 -5.63905838e+00 
 1.64049200e-02 -5.63716207e+00 
 1.64149200e-02 -5.63504405e+00 
 1.64249200e-02 -5.63270460e+00 
 1.64349200e-02 -5.63014402e+00 
 1.64449200e-02 -5.62736260e+00 
 1.64549200e-02 -5.62436063e+00 
 1.64649200e-02 -5.62113842e+00 
 1.64749200e-02 -5.61769626e+00 
 1.64849200e-02 -5.61403447e+00 
 1.64949200e-02 -5.61015334e+00 
 1.65049200e-02 -5.60605320e+00 
 1.65149200e-02 -5.60173434e+00 
 1.65249200e-02 -5.59719709e+00 
 1.65349200e-02 -5.59244176e+00 
 1.65449200e-02 -5.58746868e+00 
 1.65549200e-02 -5.58227816e+00 
 1.65649200e-02 -5.57687054e+00 
 1.65749200e-02 -5.57124614e+00 
 1.65849200e-02 -5.56540530e+00 
 1.65949200e-02 -5.55934834e+00 
 1.66049200e-02 -5.55307561e+00 
 1.66149200e-02 -5.54658744e+00 
 1.66249200e-02 -5.53988418e+00 
 1.66349200e-02 -5.53296617e+00 
 1.66449200e-02 -5.52583375e+00 
 1.66549200e-02 -5.51848729e+00 
 1.66649200e-02 -5.51092712e+00 
 1.66749200e-02 -5.50315361e+00 
 1.66849200e-02 -5.49516710e+00 
 1.66949200e-02 -5.48696798e+00 
 1.67049200e-02 -5.47855659e+00 
 1.67149200e-02 -5.46993330e+00 
 1.67249200e-02 -5.46109848e+00 
 1.67349200e-02 -5.45205250e+00 
 1.67449200e-02 -5.44279573e+00 
 1.67549200e-02 -5.43332856e+00 
 1.67649200e-02 -5.42365135e+00 
 1.67749200e-02 -5.41376449e+00 
 1.67849200e-02 -5.40366837e+00 
 1.67949200e-02 -5.39336337e+00 
 1.68049200e-02 -5.38284987e+00 
 1.68149200e-02 -5.37212828e+00 
 1.68249200e-02 -5.36119898e+00 
 1.68349200e-02 -5.35006237e+00 
 1.68449200e-02 -5.33871885e+00 
 1.68549200e-02 -5.32716882e+00 
 1.68649200e-02 -5.31541269e+00 
 1.68749200e-02 -5.30345086e+00 
 1.68849200e-02 -5.29128375e+00 
 1.68949200e-02 -5.27891176e+00 
 1.69049200e-02 -5.26633531e+00 
 1.69149200e-02 -5.25355481e+00 
 1.69249200e-02 -5.24057069e+00 
 1.69349200e-02 -5.22738337e+00 
 1.69449200e-02 -5.21399327e+00 
 1.69549200e-02 -5.20040081e+00 
 1.69649200e-02 -5.18660644e+00 
 1.69749200e-02 -5.17261058e+00 
 1.69849200e-02 -5.15841366e+00 
 1.69949200e-02 -5.14401613e+00 
 1.70049200e-02 -5.12941841e+00 
 1.70149200e-02 -5.11462096e+00 
 1.70249200e-02 -5.09962422e+00 
 1.70349200e-02 -5.08442864e+00 
 1.70449200e-02 -5.06903466e+00 
 1.70549200e-02 -5.05344273e+00 
 1.70649200e-02 -5.03765332e+00 
 1.70749200e-02 -5.02166687e+00 
 1.70849200e-02 -5.00548386e+00 
 1.70949200e-02 -4.98910473e+00 
 1.71049200e-02 -4.97252995e+00 
 1.71149200e-02 -4.95576000e+00 
 1.71249200e-02 -4.93879533e+00 
 1.71349200e-02 -4.92163642e+00 
 1.71449200e-02 -4.90428375e+00 
 1.71549200e-02 -4.88673779e+00 
 1.71649200e-02 -4.86899902e+00 
 1.71749200e-02 -4.85106792e+00 
 1.71849200e-02 -4.83294498e+00 
 1.71949200e-02 -4.81463067e+00 
 1.72049200e-02 -4.79612550e+00 
 1.72149200e-02 -4.77742994e+00 
 1.72249200e-02 -4.75854450e+00 
 1.72349200e-02 -4.73946966e+00 
 1.72449200e-02 -4.72020594e+00 
 1.72549200e-02 -4.70075381e+00 
 1.72649200e-02 -4.68111380e+00 
 1.72749200e-02 -4.66128641e+00 
 1.72849200e-02 -4.64127213e+00 
 1.72949200e-02 -4.62107149e+00 
 1.73049200e-02 -4.60068499e+00 
 1.73149200e-02 -4.58011316e+00 
 1.73249200e-02 -4.55935650e+00 
 1.73349200e-02 -4.53841553e+00 
 1.73449200e-02 -4.51729078e+00 
 1.73549200e-02 -4.49598277e+00 
 1.73649200e-02 -4.47449203e+00 
 1.73749200e-02 -4.45281909e+00 
 1.73849200e-02 -4.43096447e+00 
 1.73949200e-02 -4.40892871e+00 
 1.74049200e-02 -4.38671235e+00 
 1.74149200e-02 -4.36431592e+00 
 1.74249200e-02 -4.34173997e+00 
 1.74349200e-02 -4.31898504e+00 
 1.74449200e-02 -4.29605167e+00 
 1.74549200e-02 -4.27294040e+00 
 1.74649200e-02 -4.24965180e+00 
 1.74749200e-02 -4.22618641e+00 
 1.74849200e-02 -4.20254478e+00 
 1.74949200e-02 -4.17872748e+00 
 1.75049200e-02 -4.15473505e+00 
 1.75149200e-02 -4.13056807e+00 
 1.75249200e-02 -4.10622710e+00 
 1.75349200e-02 -4.08171269e+00 
 1.75449200e-02 -4.05702543e+00 
 1.75549200e-02 -4.03216588e+00 
 1.75649200e-02 -4.00713461e+00 
 1.75749200e-02 -3.98193219e+00 
 1.75849200e-02 -3.95655922e+00 
 1.75949200e-02 -3.93101626e+00 
 1.76049200e-02 -3.90530389e+00 
 1.76149200e-02 -3.87942271e+00 
 1.76249200e-02 -3.85337329e+00 
 1.76349200e-02 -3.82715624e+00 
 1.76449200e-02 -3.80077213e+00 
 1.76549200e-02 -3.77422156e+00 
 1.76649200e-02 -3.74750513e+00 
 1.76749200e-02 -3.72062344e+00 
 1.76849200e-02 -3.69357709e+00 
 1.76949200e-02 -3.66636668e+00 
 1.77049200e-02 -3.63899281e+00 
 1.77149200e-02 -3.61145609e+00 
 1.77249200e-02 -3.58375714e+00 
 1.77349200e-02 -3.55589656e+00 
 1.77449200e-02 -3.52787498e+00 
 1.77549200e-02 -3.49969300e+00 
 1.77649200e-02 -3.47135125e+00 
 1.77749200e-02 -3.44285035e+00 
 1.77849200e-02 -3.41419093e+00 
 1.77949200e-02 -3.38537360e+00 
 1.78049200e-02 -3.35639901e+00 
 1.78149200e-02 -3.32726778e+00 
 1.78249200e-02 -3.29798055e+00 
 1.78349200e-02 -3.26853795e+00 
 1.78449200e-02 -3.23894063e+00 
 1.78549200e-02 -3.20918922e+00 
 1.78649200e-02 -3.17928437e+00 
 1.78749200e-02 -3.14922673e+00 
 1.78849200e-02 -3.11901694e+00 
 1.78949200e-02 -3.08865567e+00 
 1.79049200e-02 -3.05814356e+00 
 1.79149200e-02 -3.02748128e+00 
 1.79249200e-02 -2.99666948e+00 
 1.79349200e-02 -2.96570882e+00 
 1.79449200e-02 -2.93459999e+00 
 1.79549200e-02 -2.90334363e+00 
 1.79649200e-02 -2.87194043e+00 
 1.79749200e-02 -2.84039106e+00 
 1.79849200e-02 -2.80869620e+00 
 1.79949200e-02 -2.77685654e+00 
 1.80049200e-02 -2.74487274e+00 
 1.80149200e-02 -2.71274551e+00 
 1.80249200e-02 -2.68047554e+00 
 1.80349200e-02 -2.64806352e+00 
 1.80449200e-02 -2.61551014e+00 
 1.80549200e-02 -2.58281611e+00 
 1.80649200e-02 -2.54998214e+00 
 1.80749200e-02 -2.51700893e+00 
 1.80849200e-02 -2.48389719e+00 
 1.80949200e-02 -2.45064765e+00 
 1.81049200e-02 -2.41726103e+00 
 1.81149200e-02 -2.38373805e+00 
 1.81249200e-02 -2.35007944e+00 
 1.81349200e-02 -2.31628594e+00 
 1.81449200e-02 -2.28235828e+00 
 1.81549200e-02 -2.24829721e+00 
 1.81649200e-02 -2.21410349e+00 
 1.81749200e-02 -2.17977786e+00 
 1.81849200e-02 -2.14532110e+00 
 1.81949200e-02 -2.11073396e+00 
 1.82049200e-02 -2.07601722e+00 
 1.82149200e-02 -2.04117166e+00 
 1.82249200e-02 -2.00619808e+00 
 1.82349200e-02 -1.97109726e+00 
 1.82449200e-02 -1.93587001e+00 
 1.82549200e-02 -1.90051714e+00 
 1.82649200e-02 -1.86503948e+00 
 1.82749200e-02 -1.82943786e+00 
 1.82849200e-02 -1.79371311e+00 
 1.82949200e-02 -1.75786609e+00 
 1.83049200e-02 -1.72189768e+00 
 1.83149200e-02 -1.68580873e+00 
 1.83249200e-02 -1.64960016e+00 
 1.83349200e-02 -1.61327286e+00 
 1.83449200e-02 -1.57682777e+00 
 1.83549200e-02 -1.54026582e+00 
 1.83649200e-02 -1.50358797e+00 
 1.83749200e-02 -1.46679522e+00 
 1.83849200e-02 -1.42988856e+00 
 1.83949200e-02 -1.39286904e+00 
 1.84049200e-02 -1.35573772e+00 
 1.84149200e-02 -1.31849570e+00 
 1.84249200e-02 -1.28114410e+00 
 1.84349200e-02 -1.24368410e+00 
 1.84449200e-02 -1.20611693e+00 
 1.84549200e-02 -1.16844384e+00 
 1.84649200e-02 -1.13066618e+00 
 1.84749200e-02 -1.09278532e+00 
 1.84849200e-02 -1.05480275e+00 
 1.84949200e-02 -1.01672001e+00 
 1.85049200e-02 -9.78538771e-01 
 1.85149200e-02 -9.40260792e-01 
 1.85249200e-02 -9.01887983e-01 
 1.85349200e-02 -8.63422409e-01 
 1.85449200e-02 -8.24866323e-01 
 1.85549200e-02 -7.86222202e-01 
 1.85649200e-02 -7.47492793e-01 
 1.85749200e-02 -7.08681170e-01 
 1.85849200e-02 -6.69790807e-01 
 1.85949200e-02 -6.30825674e-01 
 1.86049200e-02 -5.91790364e-01 
 1.86149200e-02 -5.52690259e-01 
 1.86249200e-02 -5.13531761e-01 
 1.86349200e-02 -4.74322612e-01 
 1.86449200e-02 -4.35072344e-01 
 1.86549200e-02 -3.95792941e-01 
 1.86649200e-02 -3.56499838e-01 
 1.86749200e-02 -3.17213468e-01 
 1.86849200e-02 -2.77961794e-01 
 1.86949200e-02 -2.38784644e-01 
 1.87049200e-02 -1.99741641e-01 
 1.87149200e-02 -1.60927916e-01 
 1.87249200e-02 -1.22508751e-01 
 1.87349200e-02 -8.48075233e-02 
 1.87449200e-02 -4.85778293e-02 
 1.87549200e-02 -1.68859199e-02 
 1.87649200e-02 -1.00230500e-03 
 1.87749200e-02 -1.19559162e-04 
 1.87849200e-02 -1.17936547e-04 
 1.87949200e-02 -1.17035651e-04 
 1.88049200e-02 -1.16130713e-04 
 1.88149200e-02 -1.15222436e-04 
 1.88249200e-02 -1.14310832e-04 
 1.88349200e-02 -1.13395916e-04 
 1.88449200e-02 -1.12477698e-04 
 1.88549200e-02 -1.11556197e-04 
 1.88649200e-02 -1.10631422e-04 
 1.88749200e-02 -1.09703387e-04 
 1.88849200e-02 -1.08772108e-04 
 1.88949200e-02 -1.07837597e-04 
 1.89049200e-02 -1.06899869e-04 
 1.89149200e-02 -1.05958936e-04 
 1.89249200e-02 -1.05014814e-04 
 1.89349200e-02 -1.04067515e-04 
 1.89449200e-02 -1.03117051e-04 
 1.89549200e-02 -1.02163441e-04 
 1.89649200e-02 -1.01206696e-04 
 1.89749200e-02 -1.00246830e-04 
 1.89849200e-02 -9.92838588e-05 
 1.89949200e-02 -9.83177946e-05 
 1.90049200e-02 -9.73486531e-05 
 1.90149200e-02 -9.63764485e-05 
 1.90249200e-02 -9.54011928e-05 
 1.90349200e-02 -9.44229052e-05 
 1.90449200e-02 -9.34415943e-05 
 1.90549200e-02 -9.24572793e-05 
 1.90649200e-02 -9.14699720e-05 
 1.90749200e-02 -9.04796895e-05 
 1.90849200e-02 -8.94864428e-05 
 1.90949200e-02 -8.84902503e-05 
 1.91049200e-02 -8.74911237e-05 
 1.91149200e-02 -8.64890818e-05 
 1.91249200e-02 -8.54841356e-05 
 1.91349200e-02 -8.44763017e-05 
 1.91449200e-02 -8.34655945e-05 
 1.91549200e-02 -8.24520303e-05 
 1.91649200e-02 -8.14356220e-05 
 1.91749200e-02 -8.04163874e-05 
 1.91849200e-02 -7.93943400e-05 
 1.91949200e-02 -7.83694948e-05 
 1.92049200e-02 -7.73418688e-05 
 1.92149200e-02 -7.63114751e-05 
 1.92249200e-02 -7.52783317e-05 
 1.92349200e-02 -7.42424533e-05 
 1.92449200e-02 -7.32038544e-05 
 1.92549200e-02 -7.21625520e-05 
 1.92649200e-02 -7.11185618e-05 
 1.92749200e-02 -7.00718978e-05 
 1.92849200e-02 -6.90225779e-05 
 1.92949200e-02 -6.79706181e-05 
 1.93049200e-02 -6.69160325e-05 
 1.93149200e-02 -6.58588387e-05 
 1.93249200e-02 -6.47990533e-05 
 1.93349200e-02 -6.37366924e-05 
 1.93449200e-02 -6.26717695e-05 
 1.93549200e-02 -6.16043060e-05 
 1.93649200e-02 -6.05343153e-05 
 1.93749200e-02 -5.94618138e-05 
 1.93849200e-02 -5.83868203e-05 
 1.93949200e-02 -5.73093498e-05 
 1.94049200e-02 -5.62294190e-05 
 1.94149200e-02 -5.51470484e-05 
 1.94249200e-02 -5.40622500e-05 
 1.94349200e-02 -5.29750451e-05 
 1.94449200e-02 -5.18854506e-05 
 1.94549200e-02 -5.07934836e-05 
 1.94649200e-02 -4.96991619e-05 
 1.94749200e-02 -4.86025045e-05 
 1.94849200e-02 -4.75035277e-05 
 1.94949200e-02 -4.64022507e-05 
 1.95049200e-02 -4.52986928e-05 
 1.95149200e-02 -4.41928714e-05 
 1.95249200e-02 -4.30848080e-05 
 1.95349200e-02 -4.19745191e-05 
 1.95449200e-02 -4.08620262e-05 
 1.95549200e-02 -3.97473511e-05 
 1.95649200e-02 -3.86305108e-05 
 1.95749200e-02 -3.75115270e-05 
 1.95849200e-02 -3.63904211e-05 
 1.95949200e-02 -3.52672164e-05 
 1.96049200e-02 -3.41419352e-05 
 1.96149200e-02 -3.30145991e-05 
 1.96249200e-02 -3.18852328e-05 
 1.96349200e-02 -3.07538601e-05 
 1.96449200e-02 -2.96205080e-05 
 1.96549200e-02 -2.84852041e-05 
 1.96649200e-02 -2.73479751e-05 
 1.96749200e-02 -2.62088492e-05 
 1.96849200e-02 -2.50678616e-05 
 1.96949200e-02 -2.39250443e-05 
 1.97049200e-02 -2.27804337e-05 
 1.97149200e-02 -2.16340697e-05 
 1.97249200e-02 -2.04859953e-05 
 1.97349200e-02 -1.93362571e-05 
 1.97449200e-02 -1.81849099e-05 
 1.97549200e-02 -1.70320170e-05 
 1.97649200e-02 -1.58776451e-05 
 1.97749200e-02 -1.47218805e-05 
 1.97849200e-02 -1.35648189e-05 
 1.97949200e-02 -1.24065834e-05 
 1.98049200e-02 -1.12473250e-05 
 1.98149200e-02 -1.00872386e-05 
 1.98249200e-02 -8.92658306e-06 
 1.98349200e-02 -7.76572070e-06 
 1.98449200e-02 -6.60517517e-06 
 1.98549200e-02 -5.44575644e-06 
 1.98649200e-02 -4.28882617e-06 
 1.98749200e-02 -3.13694683e-06 
 1.98849200e-02 -1.99583890e-06 
 1.98949200e-02 -8.82531128e-07 
 1.99049200e-02  1.14948807e-07 
 1.99149200e-02  1.53038961e-07 
 1.99249200e-02 -1.14457239e-10 
 1.99349200e-02 -1.13266255e-10 
 1.99449200e-02 -1.11870443e-10 
 1.99549200e-02 -1.10836599e-10 
 1.99649200e-02 -1.09423843e-10 
 1.99749200e-02 -1.08283280e-10 
 1.99849200e-02 -1.07099607e-10 
 1.99949200e-02 -1.05900082e-10 
 2.00049200e-02 -1.04687372e-10 
 2.00149200e-02 -1.03470836e-10 
 2.00249200e-02 -1.02249448e-10 
 2.00349200e-02 -1.01025807e-10 
 2.00449200e-02 -9.97995685e-11 
 2.00549200e-02 -9.85715541e-11 
 2.00649200e-02 -9.73417634e-11 
 2.00749200e-02 -9.61107428e-11 
 2.00849200e-02 -9.48771261e-11 
 2.00949200e-02 -9.36426211e-11 
 2.01049200e-02 -9.24086628e-11 
 2.01149200e-02 -9.11707417e-11 
 2.01249200e-02 -8.99320008e-11 
 2.01349200e-02 -8.86923035e-11 
 2.01449200e-02 -8.74516496e-11 
 2.01549200e-02 -8.62096976e-11 
 2.01649200e-02 -8.49662425e-11 
 2.01749200e-02 -8.37208744e-11 
 2.01849200e-02 -8.24748572e-11 
 2.01949200e-02 -8.12279519e-11 
 2.02049200e-02 -7.99805000e-11 
 2.02149200e-02 -7.87302469e-11 
 2.02249200e-02 -7.74811894e-11 
 2.02349200e-02 -7.62273836e-11 
 2.02449200e-02 -7.49758324e-11 
 2.02549200e-02 -7.37222315e-11 
 2.02649200e-02 -7.24666835e-11 
 2.02749200e-02 -7.12116137e-11 
 2.02849200e-02 -6.99542893e-11 
 2.02949200e-02 -6.86972041e-11 
 2.03049200e-02 -6.74382400e-11 
 2.03149200e-02 -6.61782852e-11 
 2.03249200e-02 -6.49176472e-11 
 2.03349200e-02 -6.36556769e-11 
 2.03449200e-02 -6.23930234e-11 
 2.03549200e-02 -6.11297551e-11 
 2.03649200e-02 -5.98654619e-11 
 2.03749200e-02 -5.86002121e-11 
 2.03849200e-02 -5.73345525e-11 
 2.03949200e-02 -5.60677997e-11 
 2.04049200e-02 -5.47997830e-11 
 2.04149200e-02 -5.35315954e-11 
 2.04249200e-02 -5.22625880e-11 
 2.04349200e-02 -5.09927266e-11 
 2.04449200e-02 -4.97214304e-11 
 2.04549200e-02 -4.84506808e-11 
 2.04649200e-02 -4.71777791e-11 
 2.04749200e-02 -4.59057997e-11 
 2.04849200e-02 -4.46325563e-11 
 2.04949200e-02 -4.33582882e-11 
 2.05049200e-02 -4.20841908e-11 
 2.05149200e-02 -4.08086245e-11 
 2.05249200e-02 -3.95330753e-11 
 2.05349200e-02 -3.82565013e-11 
 2.05449200e-02 -3.69797393e-11 
 2.05549200e-02 -3.57026529e-11 
 2.05649200e-02 -3.44247978e-11 
 2.05749200e-02 -3.31460887e-11 
 2.05849200e-02 -3.18674992e-11 
 2.05949200e-02 -3.05879532e-11 
 2.06049200e-02 -2.93082534e-11 
 2.06149200e-02 -2.80278021e-11 
 2.06249200e-02 -2.67475729e-11 
 2.06349200e-02 -2.54665750e-11 
 2.06449200e-02 -2.41852185e-11 
 2.06549200e-02 -2.29038107e-11 
 2.06649200e-02 -2.16215830e-11 
 2.06749200e-02 -2.03392871e-11 
 2.06849200e-02 -1.90568544e-11 
 2.06949200e-02 -1.77739692e-11 
 2.07049200e-02 -1.64908961e-11 
 2.07149200e-02 -1.52077119e-11 
 2.07249200e-02 -1.39240666e-11 
 2.07349200e-02 -1.26406091e-11 
 2.07449200e-02 -1.13565453e-11 
 2.07549200e-02 -1.00723620e-11 
 2.07649200e-02 -8.78807184e-12 
 2.07749200e-02 -7.50387567e-12 
 2.07849200e-02 -6.21941902e-12 
 2.07949200e-02 -4.93484708e-12 
 2.08049200e-02 -3.65020895e-12 
 2.08149200e-02 -2.36556868e-12 
 2.08249200e-02 -1.08086650e-12 
 2.08349200e-02  2.03841952e-13 
 2.08449200e-02  1.48854000e-12 
 2.08549200e-02  2.77326139e-12 
 2.08649200e-02  4.05787604e-12 
 2.08749200e-02  5.34245439e-12 
 2.08849200e-02  6.62691104e-12 
 2.08949200e-02  7.91140185e-12 
 2.09049200e-02  9.19570050e-12 
 2.09149200e-02  1.04799436e-11 
 2.09249200e-02  1.17638793e-11 
 2.09349200e-02  1.30478236e-11 
 2.09449200e-02  1.43315372e-11 
 2.09549200e-02  1.56149861e-11 
 2.09649200e-02  1.68984350e-11 
 2.09749200e-02  1.81813288e-11 
 2.09849200e-02  1.94639152e-11 
 2.09949200e-02  2.07464930e-11 
 2.10049200e-02  2.20288146e-11 
 2.10149200e-02  2.33102053e-11 
 2.10249200e-02  2.45918864e-11 
 2.10349200e-02  2.58733625e-11 
 2.10449200e-02  2.71542066e-11 
 2.10549200e-02  2.84341455e-11 
 2.10649200e-02  2.97146310e-11 
 2.10749200e-02  3.09942453e-11 
 2.10849200e-02  3.22730740e-11 
 2.10949200e-02  3.35520051e-11 
 2.11049200e-02  3.48302530e-11 
 2.11149200e-02  3.61078689e-11 
 2.11249200e-02  3.73850920e-11 
 2.11349200e-02  3.86616490e-11 
 2.11449200e-02  3.99375227e-11 
 2.11549200e-02  4.12137893e-11 
 2.11649200e-02  4.24889969e-11 
 2.11749200e-02  4.37629576e-11 
 2.11849200e-02  4.50365767e-11 
 2.11949200e-02  4.63097176e-11 
 2.12049200e-02  4.75826535e-11 
 2.12149200e-02  4.88538814e-11 
 2.12249200e-02  5.01252117e-11 
 2.12349200e-02  5.13956197e-11 
 2.12449200e-02  5.26649687e-11 
 2.12549200e-02  5.39339761e-11 
 2.12649200e-02  5.52021295e-11 
 2.12749200e-02  5.64698730e-11 
 2.12849200e-02  5.77354643e-11 
 2.12949200e-02  5.90021488e-11 
 2.13049200e-02  6.02666469e-11 
 2.13149200e-02  6.15304277e-11 
 2.13249200e-02  6.27938327e-11 
 2.13349200e-02  6.40561105e-11 
 2.13449200e-02  6.53172267e-11 
 2.13549200e-02  6.65772156e-11 
 2.13649200e-02  6.78376487e-11 
 2.13749200e-02  6.90960320e-11 
 2.13849200e-02  7.03534589e-11 
 2.13949200e-02  7.16097927e-11 
 2.14049200e-02  7.28660922e-11 
 2.14149200e-02  7.41191807e-11 
 2.14249200e-02  7.53736014e-11 
 2.14349200e-02  7.66252892e-11 
 2.14449200e-02  7.78767380e-11 
 2.14549200e-02  7.91276401e-11 
 2.14649200e-02  8.03753311e-11 
 2.14749200e-02  8.16244569e-11 
 2.14849200e-02  8.28702691e-11 
 2.14949200e-02  8.41170036e-11 
 2.15049200e-02  8.53603904e-11 
 2.15149200e-02  8.66036405e-11 
 2.15249200e-02  8.78453876e-11 
 2.15349200e-02  8.90855632e-11 
 2.15449200e-02  9.03247140e-11 
 2.15549200e-02  9.15623618e-11 
 2.15649200e-02  9.27996679e-11 
 2.15749200e-02  9.40338996e-11 
 2.15849200e-02  9.52681312e-11 
 2.15949200e-02  9.65008598e-11 
 2.16049200e-02  9.77301040e-11 
 2.16149200e-02  9.89590065e-11 
 2.16249200e-02  1.00183332e-10 
 2.16349200e-02  1.01405812e-10 
 2.16449200e-02  1.02623305e-10 
 2.16549200e-02  1.03832736e-10 
 2.16649200e-02  1.05027136e-10 
 2.16749200e-02  1.06186692e-10 
 2.16849200e-02  1.07256338e-10 
 2.16949200e-02  1.08842698e-10 
 2.17049200e-02  1.09760123e-10 
 2.17149200e-02  1.11044502e-10 
 2.17249200e-02  1.13453726e-10 
 2.17349200e-02  9.39626381e-09 
 2.17449200e-02  1.10175735e-07 
 2.17549200e-02  1.02482894e-06 
 2.17649200e-02  2.12776486e-06 
 2.17749200e-02  3.32214866e-06 
 2.17849200e-02  4.60795811e-06 
 2.17949200e-02  5.98517075e-06 
 2.18049200e-02  7.45355784e-06 
 2.18149200e-02  9.00225792e-06 
 2.18249200e-02  9.59117832e-06 
 2.18349200e-02  1.05635003e-05 
 2.18449200e-02  1.17345437e-05 
 2.18549200e-02  1.29968980e-05 
 2.18649200e-02  1.43505354e-05 
 2.18749200e-02  1.57953047e-05 
 2.18849200e-02  1.73255015e-05 
 2.18949200e-02  1.83985876e-05 
 2.19049200e-02  1.95617577e-05 
 2.19149200e-02  2.08138421e-05 
 2.19249200e-02  2.21451004e-05 
 2.19349200e-02  2.34326212e-05 
 2.19449200e-02  2.45555690e-05 
 2.19549200e-02  2.57465532e-05 
 2.19649200e-02  2.69748542e-05 
 2.19749200e-02  2.81573315e-05 
 2.19849200e-02  2.93419170e-05 
 2.19949200e-02  3.05166148e-05 
 2.20049200e-02  3.16899338e-05 
 2.20149200e-02  3.28610117e-05 
 2.20249200e-02  3.40301245e-05 
 2.20349200e-02  3.51972543e-05 
 2.20449200e-02  3.63623713e-05 
 2.20549200e-02  3.75254578e-05 
 2.20649200e-02  3.86864853e-05 
 2.20749200e-02  3.98454388e-05 
 2.20849200e-02  4.10022910e-05 
 2.20949200e-02  4.21570250e-05 
 2.21049200e-02  4.33096178e-05 
 2.21149200e-02  4.44600505e-05 
 2.21249200e-02  4.56083022e-05 
 2.21349200e-02  4.67543542e-05 
 2.21449200e-02  4.78981870e-05 
 2.21549200e-02  4.90397801e-05 
 2.21649200e-02  5.01791187e-05 
 2.21749200e-02  5.13161802e-05 
 2.21849200e-02  5.24509482e-05 
 2.21949200e-02  5.35834046e-05 
 2.22049200e-02  5.47135316e-05 
 2.22149200e-02  5.58413095e-05 
 2.22249200e-02  5.69667246e-05 
 2.22349200e-02  5.80897547e-05 
 2.22449200e-02  5.92103871e-05 
 2.22549200e-02  6.03286011e-05 
 2.22649200e-02  6.14443808e-05 
 2.22749200e-02  6.25577105e-05 
 2.22849200e-02  6.36685701e-05 
 2.22949200e-02  6.47769472e-05 
 2.23049200e-02  6.58828222e-05 
 2.23149200e-02  6.69861781e-05 
 2.23249200e-02  6.80869994e-05 
 2.23349200e-02  6.91852702e-05 
 2.23449200e-02  7.02809746e-05 
 2.23549200e-02  7.13740960e-05 
 2.23649200e-02  7.24646150e-05 
 2.23749200e-02  7.35525214e-05 
 2.23849200e-02  7.46377943e-05 
 2.23949200e-02  7.57204218e-05 
 2.24049200e-02  7.68003829e-05 
 2.24149200e-02  7.78776663e-05 
 2.24249200e-02  7.89522556e-05 
 2.24349200e-02  8.00241330e-05 
 2.24449200e-02  8.10932852e-05 
 2.24549200e-02  8.21596958e-05 
 2.24649200e-02  8.32233496e-05 
 2.24749200e-02  8.42842292e-05 
 2.24849200e-02  8.53423224e-05 
 2.24949200e-02  8.63976139e-05 
 2.25049200e-02  8.74500846e-05 
 2.25149200e-02  8.84997211e-05 
 2.25249200e-02  8.95465121e-05 
 2.25349200e-02  9.05904373e-05 
 2.25449200e-02  9.16314850e-05 
 2.25549200e-02  9.26696389e-05 
 2.25649200e-02  9.37048843e-05 
 2.25749200e-02  9.47372064e-05 
 2.25849200e-02  9.57665903e-05 
 2.25949200e-02  9.67930230e-05 
 2.26049200e-02  9.78164842e-05 
 2.26149200e-02  9.88369686e-05 
 2.26249200e-02  9.98544518e-05 
 2.26349200e-02  1.00868927e-04 
 2.26449200e-02  1.01880376e-04 
 2.26549200e-02  1.02888783e-04 
 2.26649200e-02  1.03894138e-04 
 2.26749200e-02  1.04896423e-04 
 2.26849200e-02  1.05895625e-04 
 2.26949200e-02  1.06891733e-04 
 2.27049200e-02  1.07884727e-04 
 2.27149200e-02  1.08874595e-04 
 2.27249200e-02  1.09861323e-04 
 2.27349200e-02  1.10844905e-04 
 2.27449200e-02  1.11883108e-04 
 2.27549200e-02  5.63871297e-04 
 2.27649200e-02  1.66237737e-02 
 2.27749200e-02  5.29126615e-02 
 2.27849200e-02  9.41115051e-02 
 2.27949200e-02  1.36789548e-01 
 2.28049200e-02  1.80325430e-01 
 2.28149200e-02  2.24095205e-01 
 2.28249200e-02  2.67923501e-01 
 2.28349200e-02  3.11754658e-01 
 2.28449200e-02  3.55532384e-01 
 2.28549200e-02  3.99215551e-01 
 2.28649200e-02  4.42775951e-01 
 2.28749200e-02  4.86193164e-01 
 2.28849200e-02  5.29451861e-01 
 2.28949200e-02  5.72540247e-01 
 2.29049200e-02  6.15449047e-01 
 2.29149200e-02  6.58170824e-01 
 2.29249200e-02  7.00699523e-01 
 2.29349200e-02  7.43030133e-01 
 2.29449200e-02  7.85158462e-01 
 2.29549200e-02  8.27080958e-01 
 2.29649200e-02  8.68794579e-01 
 2.29749200e-02  9.10296701e-01 
 2.29849200e-02  9.51585034e-01 
 2.29949200e-02  9.92657570e-01 
 2.30049200e-02  1.03351253e+00 
 2.30149200e-02  1.07414834e+00 
 2.30249200e-02  1.11456358e+00 
 2.30349200e-02  1.15475697e+00 
 2.30449200e-02  1.19472737e+00 
 2.30549200e-02  1.23447372e+00 
 2.30649200e-02  1.27399506e+00 
 2.30749200e-02  1.31329053e+00 
 2.30849200e-02  1.35235930e+00 
 2.30949200e-02  1.39120063e+00 
 2.31049200e-02  1.42981384e+00 
 2.31149200e-02  1.46819826e+00 
 2.31249200e-02  1.50635332e+00 
 2.31349200e-02  1.54427843e+00 
 2.31449200e-02  1.58197309e+00 
 2.31549200e-02  1.61943678e+00 
 2.31649200e-02  1.65666905e+00 
 2.31749200e-02  1.69366946e+00 
 2.31849200e-02  1.73043759e+00 
 2.31949200e-02  1.76697305e+00 
 2.32049200e-02  1.80327546e+00 
 2.32149200e-02  1.83934447e+00 
 2.32249200e-02  1.87517975e+00 
 2.32349200e-02  1.91078097e+00 
 2.32449200e-02  1.94614783e+00 
 2.32549200e-02  1.98128003e+00 
 2.32649200e-02  2.01617730e+00 
 2.32749200e-02  2.05083937e+00 
 2.32849200e-02  2.08526598e+00 
 2.32949200e-02  2.11945689e+00 
 2.33049200e-02  2.15341187e+00 
 2.33149200e-02  2.18713069e+00 
 2.33249200e-02  2.22061313e+00 
 2.33349200e-02  2.25385900e+00 
 2.33449200e-02  2.28686808e+00 
 2.33549200e-02  2.31964020e+00 
 2.33649200e-02  2.35217516e+00 
 2.33749200e-02  2.38447280e+00 
 2.33849200e-02  2.41653294e+00 
 2.33949200e-02  2.44835543e+00 
 2.34049200e-02  2.47994010e+00 
 2.34149200e-02  2.51128682e+00 
 2.34249200e-02  2.54239543e+00 
 2.34349200e-02  2.57326580e+00 
 2.34449200e-02  2.60389779e+00 
 2.34549200e-02  2.63429129e+00 
 2.34649200e-02  2.66444618e+00 
 2.34749200e-02  2.69436233e+00 
 2.34849200e-02  2.72403963e+00 
 2.34949200e-02  2.75347799e+00 
 2.35049200e-02  2.78267730e+00 
 2.35149200e-02  2.81163746e+00 
 2.35249200e-02  2.84035839e+00 
 2.35349200e-02  2.86883999e+00 
 2.35449200e-02  2.89708219e+00 
 2.35549200e-02  2.92508491e+00 
 2.35649200e-02  2.95284807e+00 
 2.35749200e-02  2.98037161e+00 
 2.35849200e-02  3.00765546e+00 
 2.35949200e-02  3.03469956e+00 
 2.36049200e-02  3.06150384e+00 
 2.36149200e-02  3.08806827e+00 
 2.36249200e-02  3.11439279e+00 
 2.36349200e-02  3.14047735e+00 
 2.36449200e-02  3.16632191e+00 
 2.36549200e-02  3.19192644e+00 
 2.36649200e-02  3.21729089e+00 
 2.36749200e-02  3.24241525e+00 
 2.36849200e-02  3.26729948e+00 
 2.36949200e-02  3.29194356e+00 
 2.37049200e-02  3.31634747e+00 
 2.37149200e-02  3.34051120e+00 
 2.37249200e-02  3.36443473e+00 
 2.37349200e-02  3.38811805e+00 
 2.37449200e-02  3.41156116e+00 
 2.37549200e-02  3.43476405e+00 
 2.37649200e-02  3.45772673e+00 
 2.37749200e-02  3.48044920e+00 
 2.37849200e-02  3.50293147e+00 
 2.37949200e-02  3.52517355e+00 
 2.38049200e-02  3.54717546e+00 
 2.38149200e-02  3.56893720e+00 
 2.38249200e-02  3.59045881e+00 
 2.38349200e-02  3.61174031e+00 
 2.38449200e-02  3.63278173e+00 
 2.38549200e-02  3.65358309e+00 
 2.38649200e-02  3.67414444e+00 
 2.38749200e-02  3.69446580e+00 
 2.38849200e-02  3.71454722e+00 
 2.38949200e-02  3.73438875e+00 
 2.39049200e-02  3.75399042e+00 
 2.39149200e-02  3.77335230e+00 
 2.39249200e-02  3.79247443e+00 
 2.39349200e-02  3.81135686e+00 
 2.39449200e-02  3.82999967e+00 
 2.39549200e-02  3.84840291e+00 
 2.39649200e-02  3.86656664e+00 
 2.39749200e-02  3.88449094e+00 
 2.39849200e-02  3.90217588e+00 
 2.39949200e-02  3.91962153e+00 
 2.40049200e-02  3.93682797e+00 
 2.40149200e-02  3.95379528e+00 
 2.40249200e-02  3.97052355e+00 
 2.40349200e-02  3.98701286e+00 
 2.40449200e-02  4.00326330e+00 
 2.40549200e-02  4.01927496e+00 
 2.40649200e-02  4.03504795e+00 
 2.40749200e-02  4.05058236e+00 
 2.40849200e-02  4.06587830e+00 
 2.40949200e-02  4.08093586e+00 
 2.41049200e-02  4.09575515e+00 
 2.41149200e-02  4.11033630e+00 
 2.41249200e-02  4.12467941e+00 
 2.41349200e-02  4.13878459e+00 
 2.41449200e-02  4.15265197e+00 
 2.41549200e-02  4.16628168e+00 
 2.41649200e-02  4.17967383e+00 
 2.41749200e-02  4.19282856e+00 
 2.41849200e-02  4.20574600e+00 
 2.41949200e-02  4.21842628e+00 
 2.42049200e-02  4.23086954e+00 
 2.42149200e-02  4.24307593e+00 
 2.42249200e-02  4.25504558e+00 
 2.42349200e-02  4.26677864e+00 
 2.42449200e-02  4.27827526e+00 
 2.42549200e-02  4.28953559e+00 
 2.42649200e-02  4.30055980e+00 
 2.42749200e-02  4.31134803e+00 
 2.42849200e-02  4.32190045e+00 
 2.42949200e-02  4.33221722e+00 
 2.43049200e-02  4.34229851e+00 
 2.43149200e-02  4.35214449e+00 
 2.43249200e-02  4.36175533e+00 
 2.43349200e-02  4.37113120e+00 
 2.43449200e-02  4.38027230e+00 
 2.43549200e-02  4.38917878e+00 
 2.43649200e-02  4.39785085e+00 
 2.43749200e-02  4.40628869e+00 
 2.43849200e-02  4.41449248e+00 
 2.43949200e-02  4.42246243e+00 
 2.44049200e-02  4.43019872e+00 
 2.44149200e-02  4.43770155e+00 
 2.44249200e-02  4.44497113e+00 
 2.44349200e-02  4.45200766e+00 
 2.44449200e-02  4.45881135e+00 
 2.44549200e-02  4.46538240e+00 
 2.44649200e-02  4.47172103e+00 
 2.44749200e-02  4.47782746e+00 
 2.44849200e-02  4.48370190e+00 
 2.44949200e-02  4.48934457e+00 
 2.45049200e-02  4.49475570e+00 
 2.45149200e-02  4.49993551e+00 
 2.45249200e-02  4.50488424e+00 
 2.45349200e-02  4.50960212e+00 
 2.45449200e-02  4.51408938e+00 
 2.45549200e-02  4.51834626e+00 
 2.45649200e-02  4.52237300e+00 
 2.45749200e-02  4.52616984e+00 
 2.45849200e-02  4.52973703e+00 
 2.45949200e-02  4.53307483e+00 
 2.46049200e-02  4.53618347e+00 
 2.46149200e-02  4.53906322e+00 
 2.46249200e-02  4.54171434e+00 
 2.46349200e-02  4.54413708e+00 
 2.46449200e-02  4.54633170e+00 
 2.46549200e-02  4.54829848e+00 
 2.46649200e-02  4.55003769e+00 
 2.46749200e-02  4.55154958e+00 
 2.46849200e-02  4.55283444e+00 
 2.46949200e-02  4.55389255e+00 
 2.47049200e-02  4.55472418e+00 
 2.47149200e-02  4.55532962e+00 
 2.47249200e-02  4.55570915e+00 
 2.47349200e-02  4.55586305e+00 
 2.47449200e-02  4.55579163e+00 
 2.47549200e-02  4.55549517e+00 
 2.47649200e-02  4.55497397e+00 
 2.47749200e-02  4.55422832e+00 
 2.47849200e-02  4.55325854e+00 
 2.47949200e-02  4.55206492e+00 
 2.48049200e-02  4.55064777e+00 
 2.48149200e-02  4.54900740e+00 
 2.48249200e-02  4.54714412e+00 
 2.48349200e-02  4.54505825e+00 
 2.48449200e-02  4.54275010e+00 
 2.48549200e-02  4.54022000e+00 
 2.48649200e-02  4.53746827e+00 
 2.48749200e-02  4.53449524e+00 
 2.48849200e-02  4.53130123e+00 
 2.48949200e-02  4.52788657e+00 
 2.49049200e-02  4.52425160e+00 
 2.49149200e-02  4.52039666e+00 
 2.49249200e-02  4.51632208e+00 
 2.49349200e-02  4.51202820e+00 
 2.49449200e-02  4.50751538e+00 
 2.49549200e-02  4.50278395e+00 
 2.49649200e-02  4.49783427e+00 
 2.49749200e-02  4.49266670e+00 
 2.49849200e-02  4.48728157e+00 
 2.49949200e-02  4.48167926e+00 
 2.50049200e-02  4.47586013e+00 
 2.50149200e-02  4.46982453e+00 
 2.50249200e-02  4.46357283e+00 
 2.50349200e-02  4.45710541e+00 
 2.50449200e-02  4.45042262e+00 
 2.50549200e-02  4.44352485e+00 
 2.50649200e-02  4.43641248e+00 
 2.50749200e-02  4.42908587e+00 
 2.50849200e-02  4.42154542e+00 
 2.50949200e-02  4.41379150e+00 
 2.51049200e-02  4.40582450e+00 
 2.51149200e-02  4.39764482e+00 
 2.51249200e-02  4.38925284e+00 
 2.51349200e-02  4.38064896e+00 
 2.51449200e-02  4.37183357e+00 
 2.51549200e-02  4.36280708e+00 
 2.51649200e-02  4.35356988e+00 
 2.51749200e-02  4.34412239e+00 
 2.51849200e-02  4.33446501e+00 
 2.51949200e-02  4.32459814e+00 
 2.52049200e-02  4.31452221e+00 
 2.52149200e-02  4.30423762e+00 
 2.52249200e-02  4.29374479e+00 
 2.52349200e-02  4.28304415e+00 
 2.52449200e-02  4.27213612e+00 
 2.52549200e-02  4.26102112e+00 
 2.52649200e-02  4.24969958e+00 
 2.52749200e-02  4.23817193e+00 
 2.52849200e-02  4.22643860e+00 
 2.52949200e-02  4.21450002e+00 
 2.53049200e-02  4.20235665e+00 
 2.53149200e-02  4.19000891e+00 
 2.53249200e-02  4.17745725e+00 
 2.53349200e-02  4.16470211e+00 
 2.53449200e-02  4.15174395e+00 
 2.53549200e-02  4.13858321e+00 
 2.53649200e-02  4.12522035e+00 
 2.53749200e-02  4.11165581e+00 
 2.53849200e-02  4.09789007e+00 
 2.53949200e-02  4.08392358e+00 
 2.54049200e-02  4.06975679e+00 
 2.54149200e-02  4.05539019e+00 
 2.54249200e-02  4.04082423e+00 
 2.54349200e-02  4.02605939e+00 
 2.54449200e-02  4.01109614e+00 
 2.54549200e-02  3.99593495e+00 
 2.54649200e-02  3.98057630e+00 
 2.54749200e-02  3.96502068e+00 
 2.54849200e-02  3.94926856e+00 
 2.54949200e-02  3.93332043e+00 
 2.55049200e-02  3.91717677e+00 
 2.55149200e-02  3.90083809e+00 
 2.55249200e-02  3.88430486e+00 
 2.55349200e-02  3.86757759e+00 
 2.55449200e-02  3.85065678e+00 
 2.55549200e-02  3.83354291e+00 
 2.55649200e-02  3.81623650e+00 
 2.55749200e-02  3.79873805e+00 
 2.55849200e-02  3.78104807e+00 
 2.55949200e-02  3.76316706e+00 
 2.56049200e-02  3.74509554e+00 
 2.56149200e-02  3.72683403e+00 
 2.56249200e-02  3.70838303e+00 
 2.56349200e-02  3.68974308e+00 
 2.56449200e-02  3.67091468e+00 
 2.56549200e-02  3.65189837e+00 
 2.56649200e-02  3.63269467e+00 
 2.56749200e-02  3.61330411e+00 
 2.56849200e-02  3.59372722e+00 
 2.56949200e-02  3.57396454e+00 
 2.57049200e-02  3.55401661e+00 
 2.57149200e-02  3.53388395e+00 
 2.57249200e-02  3.51356712e+00 
 2.57349200e-02  3.49306665e+00 
 2.57449200e-02  3.47238310e+00 
 2.57549200e-02  3.45151701e+00 
 2.57649200e-02  3.43046893e+00 
 2.57749200e-02  3.40923941e+00 
 2.57849200e-02  3.38782902e+00 
 2.57949200e-02  3.36623830e+00 
 2.58049200e-02  3.34446783e+00 
 2.58149200e-02  3.32251816e+00 
 2.58249200e-02  3.30038986e+00 
 2.58349200e-02  3.27808349e+00 
 2.58449200e-02  3.25559964e+00 
 2.58549200e-02  3.23293887e+00 
 2.58649200e-02  3.21010175e+00 
 2.58749200e-02  3.18708887e+00 
 2.58849200e-02  3.16390080e+00 
 2.58949200e-02  3.14053814e+00 
 2.59049200e-02  3.11700145e+00 
 2.59149200e-02  3.09329135e+00 
 2.59249200e-02  3.06940840e+00 
 2.59349200e-02  3.04535321e+00 
 2.59449200e-02  3.02112638e+00 
 2.59549200e-02  2.99672849e+00 
 2.59649200e-02  2.97216016e+00 
 2.59749200e-02  2.94742199e+00 
 2.59849200e-02  2.92251457e+00 
 2.59949200e-02  2.89743853e+00 
 2.60049200e-02  2.87219448e+00 
 2.60149200e-02  2.84678302e+00 
 2.60249200e-02  2.82120478e+00 
 2.60349200e-02  2.79546037e+00 
 2.60449200e-02  2.76955042e+00 
 2.60549200e-02  2.74347555e+00 
 2.60649200e-02  2.71723640e+00 
 2.60749200e-02  2.69083359e+00 
 2.60849200e-02  2.66426775e+00 
 2.60949200e-02  2.63753954e+00 
 2.61049200e-02  2.61064958e+00 
 2.61149200e-02  2.58359852e+00 
 2.61249200e-02  2.55638700e+00 
 2.61349200e-02  2.52901568e+00 
 2.61449200e-02  2.50148521e+00 
 2.61549200e-02  2.47379624e+00 
 2.61649200e-02  2.44594944e+00 
 2.61749200e-02  2.41794546e+00 
 2.61849200e-02  2.38978498e+00 
 2.61949200e-02  2.36146867e+00 
 2.62049200e-02  2.33299719e+00 
 2.62149200e-02  2.30437123e+00 
 2.62249200e-02  2.27559147e+00 
 2.62349200e-02  2.24665859e+00 
 2.62449200e-02  2.21757329e+00 
 2.62549200e-02  2.18833626e+00 
 2.62649200e-02  2.15894819e+00 
 2.62749200e-02  2.12940980e+00 
 2.62849200e-02  2.09972178e+00 
 2.62949200e-02  2.06988486e+00 
 2.63049200e-02  2.03989975e+00 
 2.63149200e-02  2.00976717e+00 
 2.63249200e-02  1.97948786e+00 
 2.63349200e-02  1.94906255e+00 
 2.63449200e-02  1.91849198e+00 
 2.63549200e-02  1.88777690e+00 
 2.63649200e-02  1.85691806e+00 
 2.63749200e-02  1.82591623e+00 
 2.63849200e-02  1.79477218e+00 
 2.63949200e-02  1.76348668e+00 
 2.64049200e-02  1.73206053e+00 
 2.64149200e-02  1.70049451e+00 
 2.64249200e-02  1.66878944e+00 
 2.64349200e-02  1.63694613e+00 
 2.64449200e-02  1.60496541e+00 
 2.64549200e-02  1.57284812e+00 
 2.64649200e-02  1.54059510e+00 
 2.64749200e-02  1.50820724e+00 
 2.64849200e-02  1.47568540e+00 
 2.64949200e-02  1.44303050e+00 
 2.65049200e-02  1.41024343e+00 
 2.65149200e-02  1.37732515e+00 
 2.65249200e-02  1.34427661e+00 
 2.65349200e-02  1.31109879e+00 
 2.65449200e-02  1.27779270e+00 
 2.65549200e-02  1.24435937e+00 
 2.65649200e-02  1.21079987e+00 
 2.65749200e-02  1.17711531e+00 
 2.65849200e-02  1.14330683e+00 
 2.65949200e-02  1.10937562e+00 
 2.66049200e-02  1.07532291e+00 
 2.66149200e-02  1.04115000e+00 
 2.66249200e-02  1.00685825e+00 
 2.66349200e-02  9.72449096e-01 
 2.66449200e-02  9.37924046e-01 
 2.66549200e-02  9.03284716e-01 
 2.66649200e-02  8.68532831e-01 
 2.66749200e-02  8.33670247e-01 
 2.66849200e-02  7.98698973e-01 
 2.66949200e-02  7.63621200e-01 
 2.67049200e-02  7.28439334e-01 
 2.67149200e-02  6.93156040e-01 
 2.67249200e-02  6.57774294e-01 
 2.67349200e-02  6.22297459e-01 
 2.67449200e-02  5.86729366e-01 
 2.67549200e-02  5.51074440e-01 
 2.67649200e-02  5.15337851e-01 
 2.67749200e-02  4.79525733e-01 
 2.67849200e-02  4.43645473e-01 
 2.67949200e-02  4.07706131e-01 
 2.68049200e-02  3.71719045e-01 
 2.68149200e-02  3.35698726e-01 
 2.68249200e-02  2.99664254e-01 
 2.68349200e-02  2.63641515e-01 
 2.68449200e-02  2.27666986e-01 
 2.68549200e-02  1.91794521e-01 
 2.68649200e-02  1.56108494e-01 
 2.68749200e-02  1.20751831e-01 
 2.68849200e-02  8.59940346e-02 
 2.68949200e-02  5.24281088e-02 
 2.69049200e-02  2.21475756e-02 
 2.69149200e-02  2.70727914e-03 
 2.69249200e-02  1.41270929e-04 
 2.69349200e-02  1.26240956e-04 
 2.69449200e-02  1.25401158e-04 
 2.69549200e-02  1.24561573e-04 
 2.69649200e-02  1.23717757e-04 
 2.69749200e-02  1.22870375e-04 
 2.69849200e-02  1.22019443e-04 
 2.69949200e-02  1.21164974e-04 
 2.70049200e-02  1.20306980e-04 
 2.70149200e-02  1.19445475e-04 
 2.70249200e-02  1.18580472e-04 
 2.70349200e-02  1.17711981e-04 
 2.70449200e-02  1.16840017e-04 
 2.70549200e-02  1.15964591e-04 
 2.70649200e-02  1.15085719e-04 
 2.70749200e-02  1.14203413e-04 
 2.70849200e-02  1.13317683e-04 
 2.70949200e-02  1.12428544e-04 
 2.71049200e-02  1.11536011e-04 
 2.71149200e-02  1.10640093e-04 
 2.71249200e-02  1.09740805e-04 
 2.71349200e-02  1.08838163e-04 
 2.71449200e-02  1.07932178e-04 
 2.71549200e-02  1.07022860e-04 
 2.71649200e-02  1.06110229e-04 
 2.71749200e-02  1.05194292e-04 
 2.71849200e-02  1.04275068e-04 
 2.71949200e-02  1.03352566e-04 
 2.72049200e-02  1.02426802e-04 
 2.72149200e-02  1.01497790e-04 
 2.72249200e-02  1.00565543e-04 
 2.72349200e-02  9.96300737e-05 
 2.72449200e-02  9.86913970e-05 
 2.72549200e-02  9.77495244e-05 
 2.72649200e-02  9.68044747e-05 
 2.72749200e-02  9.58562612e-05 
 2.72849200e-02  9.49048903e-05 
 2.72949200e-02  9.39503858e-05 
 2.73049200e-02  9.29927563e-05 
 2.73149200e-02  9.20320163e-05 
 2.73249200e-02  9.10681830e-05 
 2.73349200e-02  9.01012670e-05 
 2.73449200e-02  8.91312852e-05 
 2.73549200e-02  8.81582521e-05 
 2.73649200e-02  8.71821800e-05 
 2.73749200e-02  8.62030842e-05 
 2.73849200e-02  8.52209806e-05 
 2.73949200e-02  8.42358808e-05 
 2.74049200e-02  8.32478036e-05 
 2.74149200e-02  8.22567610e-05 
 2.74249200e-02  8.12627691e-05 
 2.74349200e-02  8.02658415e-05 
 2.74449200e-02  7.92659930e-05 
 2.74549200e-02  7.82632397e-05 
 2.74649200e-02  7.72575965e-05 
 2.74749200e-02  7.62490779e-05 
 2.74849200e-02  7.52377006e-05 
 2.74949200e-02  7.42234747e-05 
 2.75049200e-02  7.32064226e-05 
 2.75149200e-02  7.21865570e-05 
 2.75249200e-02  7.11638905e-05 
 2.75349200e-02  7.01384420e-05 
 2.75449200e-02  6.91102261e-05 
 2.75549200e-02  6.80792575e-05 
 2.75649200e-02  6.70455541e-05 
 2.75749200e-02  6.60091275e-05 
 2.75849200e-02  6.49699981e-05 
 2.75949200e-02  6.39281801e-05 
 2.76049200e-02  6.28836899e-05 
 2.76149200e-02  6.18365424e-05 
 2.76249200e-02  6.07867562e-05 
 2.76349200e-02  5.97343431e-05 
 2.76449200e-02  5.86793244e-05 
 2.76549200e-02  5.76217152e-05 
 2.76649200e-02  5.65615296e-05 
 2.76749200e-02  5.54987878e-05 
 2.76849200e-02  5.44335064e-05 
 2.76949200e-02  5.33657004e-05 
 2.77049200e-02  5.22953873e-05 
 2.77149200e-02  5.12225847e-05 
 2.77249200e-02  5.01473105e-05 
 2.77349200e-02  4.90695841e-05 
 2.77449200e-02  4.79894190e-05 
 2.77549200e-02  4.69068355e-05 
 2.77649200e-02  4.58218533e-05 
 2.77749200e-02  4.47344881e-05 
 2.77849200e-02  4.36447601e-05 
 2.77949200e-02  4.25526880e-05 
 2.78049200e-02  4.14582907e-05 
 2.78149200e-02  4.03615864e-05 
 2.78249200e-02  3.92625986e-05 
 2.78349200e-02  3.81613432e-05 
 2.78449200e-02  3.70578448e-05 
 2.78549200e-02  3.59521212e-05 
 2.78649200e-02  3.48441962e-05 
 2.78749200e-02  3.37340912e-05 
 2.78849200e-02  3.26218289e-05 
 2.78949200e-02  3.15074330e-05 
 2.79049200e-02  3.03909302e-05 
 2.79149200e-02  2.92723422e-05 
 2.79249200e-02  2.81516996e-05 
 2.79349200e-02  2.70290293e-05 
 2.79449200e-02  2.59043574e-05 
 2.79549200e-02  2.47777209e-05 
 2.79649200e-02  2.36491496e-05 
 2.79749200e-02  2.25186798e-05 
 2.79849200e-02  2.13863531e-05 
 2.79949200e-02  2.02522091e-05 
 2.80049200e-02  1.91162994e-05 
 2.80149200e-02  1.79786758e-05 
 2.80249200e-02  1.68393991e-05 
 2.80349200e-02  1.56985391e-05 
 2.80449200e-02  1.45561812e-05 
 2.80549200e-02  1.34124202e-05 
 2.80649200e-02  1.22673810e-05 
 2.80749200e-02  1.11212126e-05 
 2.80849200e-02  9.97410916e-06 
 2.80949200e-02  8.82633480e-06 
 2.81049200e-02  7.67824565e-06 
 2.81149200e-02  6.53036939e-06 
 2.81249200e-02  5.38351671e-06 
 2.81349200e-02  4.23905243e-06 
 2.81449200e-02  3.09954433e-06 
 2.81549200e-02  1.97073039e-06 
 2.81649200e-02  8.69695594e-07 
 2.81749200e-02 -1.15178197e-07 
 2.81849200e-02 -1.47770983e-07 
 2.81949200e-02  1.22203144e-10 
 2.82049200e-02  1.20912001e-10 
 2.82149200e-02  1.19510860e-10 
 2.82249200e-02  1.18505984e-10 
 2.82349200e-02  1.17076080e-10 
 2.82449200e-02  1.15956901e-10 
 2.82549200e-02  1.14788327e-10 
 2.82649200e-02  1.13598572e-10 
 2.82749200e-02  1.12397545e-10 
 2.82849200e-02  1.11190642e-10 
 2.82949200e-02  1.09980938e-10 
 2.83049200e-02  1.08766041e-10 
 2.83149200e-02  1.07548958e-10 
 2.83249200e-02  1.06331534e-10 
 2.83349200e-02  1.05109327e-10 
 2.83449200e-02  1.03888008e-10 
 2.83549200e-02  1.02664298e-10 
 2.83649200e-02  1.01437855e-10 
 2.83749200e-02  1.00213461e-10 
 2.83849200e-02  9.89837390e-11 
 2.83949200e-02  9.77542215e-11 
 2.84049200e-02  9.65220395e-11 
 2.84149200e-02  9.52892426e-11 
 2.84249200e-02  9.40552842e-11 
 2.84349200e-02  9.28218724e-11 
 2.84449200e-02  9.15836098e-11 
 2.84549200e-02  9.03453472e-11 
 2.84649200e-02  8.91053765e-11 
 2.84749200e-02  8.78664306e-11 
 2.84849200e-02  8.66244103e-11 
 2.84949200e-02  8.53810236e-11 
 2.85049200e-02  8.41368853e-11 
 2.85149200e-02  8.28910047e-11 
 2.85249200e-02  8.16447826e-11 
 2.85349200e-02  8.03958618e-11 
 2.85449200e-02  7.91478292e-11 
 2.85549200e-02  7.78968587e-11 
 2.85649200e-02  7.66456833e-11 
 2.85749200e-02  7.53934488e-11 
 2.85849200e-02  7.41403946e-11 
 2.85949200e-02  7.28851540e-11 
 2.86049200e-02  7.16293668e-11 
 2.86149200e-02  7.03735797e-11 
 2.86249200e-02  6.91150938e-11 
 2.86349200e-02  6.78573936e-11 
 2.86449200e-02  6.65990444e-11 
 2.86549200e-02  6.53373474e-11 
 2.86649200e-02  6.40759238e-11 
 2.86749200e-02  6.28145001e-11 
 2.86849200e-02  6.15509242e-11 
 2.86949200e-02  6.02864944e-11 
 2.87049200e-02  5.90223720e-11 
 2.87149200e-02  5.77559608e-11 
 2.87249200e-02  5.64898229e-11 
 2.87349200e-02  5.52228310e-11 
 2.87449200e-02  5.39539944e-11 
 2.87549200e-02  5.26852603e-11 
 2.87649200e-02  5.14161845e-11 
 2.87749200e-02  5.01458449e-11 
 2.87849200e-02  4.88746853e-11 
 2.87949200e-02  4.76027059e-11 
 2.88049200e-02  4.63294284e-11 
 2.88149200e-02  4.50573807e-11 
 2.88249200e-02  4.37832833e-11 
 2.88349200e-02  4.25089127e-11 
 2.88449200e-02  4.12336709e-11 
 2.88549200e-02  3.99584462e-11 
 2.88649200e-02  3.86824529e-11 
 2.88749200e-02  3.74052640e-11 
 2.88849200e-02  3.61283825e-11 
 2.88949200e-02  3.48506812e-11 
 2.89049200e-02  3.35724674e-11 
 2.89149200e-02  3.22938779e-11 
 2.89249200e-02  3.10147247e-11 
 2.89349200e-02  2.97348371e-11 
 2.89449200e-02  2.84546249e-11 
 2.89549200e-02  2.71745665e-11 
 2.89649200e-02  2.58937394e-11 
 2.89749200e-02  2.46123487e-11 
 2.89849200e-02  2.33309922e-11 
 2.89949200e-02  2.20492598e-11 
 2.90049200e-02  2.07670237e-11 
 2.90149200e-02  1.94842238e-11 
 2.90249200e-02  1.82018595e-11 
 2.90349200e-02  1.69188291e-11 
 2.90449200e-02  1.56353204e-11 
 2.90549200e-02  1.43519483e-11 
 2.90649200e-02  1.30682689e-11 
 2.90749200e-02  1.17843844e-11 
 2.90849200e-02  1.05004145e-11 
 2.90949200e-02  9.21630804e-12 
 2.91049200e-02  7.93193252e-12 
 2.91149200e-02  6.64745452e-12 
 2.91249200e-02  5.36303203e-12 
 2.91349200e-02  4.07843447e-12 
 2.91449200e-02  2.79379420e-12 
 2.91549200e-02  1.50910483e-12 
 2.91649200e-02  2.24395978e-13 
 2.91749200e-02 -1.06032675e-12 
 2.91849200e-02 -2.34502200e-12 
 2.91949200e-02 -3.62968468e-12 
 2.92049200e-02 -4.91431213e-12 
 2.92149200e-02 -6.19882856e-12 
 2.92249200e-02 -7.48334073e-12 
 2.92349200e-02 -8.76758814e-12 
 2.92449200e-02 -1.00518526e-11 
 2.92549200e-02 -1.13358524e-11 
 2.92649200e-02 -1.26198564e-11 
 2.92749200e-02 -1.39035444e-11 
 2.92849200e-02 -1.51871129e-11 
 2.92949200e-02 -1.64703825e-11 
 2.93049200e-02 -1.77536862e-11 
 2.93149200e-02 -1.90363579e-11 
 2.93249200e-02 -2.03190809e-11 
 2.93349200e-02 -2.16013940e-11 
 2.93449200e-02 -2.28830067e-11 
 2.93549200e-02 -2.41648757e-11 
 2.93649200e-02 -2.54464031e-11 
 2.93749200e-02 -2.67272643e-11 
 2.93849200e-02 -2.80079034e-11 
 2.93949200e-02 -2.92880131e-11 
 2.94049200e-02 -3.05675762e-11 
 2.94149200e-02 -3.18466269e-11 
 2.94249200e-02 -3.31259168e-11 
 2.94349200e-02 -3.44042501e-11 
 2.94449200e-02 -3.56822759e-11 
 2.94549200e-02 -3.69595332e-11 
 2.94649200e-02 -3.82363293e-11 
 2.94749200e-02 -3.95125959e-11 
 2.94849200e-02 -4.07886233e-11 
 2.94949200e-02 -4.20635576e-11 
 2.95049200e-02 -4.33388165e-11 
 2.95149200e-02 -4.46121623e-11 
 2.95249200e-02 -4.58862938e-11 
 2.95349200e-02 -4.71585807e-11 
 2.95449200e-02 -4.84301160e-11 
 2.95549200e-02 -4.97023345e-11 
 2.95649200e-02 -5.09716152e-11 
 2.95749200e-02 -5.22421598e-11 
 2.95849200e-02 -5.35102107e-11 
 2.95949200e-02 -5.47797647e-11 
 2.96049200e-02 -5.60473374e-11 
 2.96149200e-02 -5.73141926e-11 
 2.96249200e-02 -5.85799548e-11 
 2.96349200e-02 -5.98455461e-11 
 2.96449200e-02 -6.11095318e-11 
 2.96549200e-02 -6.23734493e-11 
 2.96649200e-02 -6.36353512e-11 
 2.96749200e-02 -6.48969799e-11 
 2.96849200e-02 -6.61575496e-11 
 2.96949200e-02 -6.74175043e-11 
 2.97049200e-02 -6.86761268e-11 
 2.97149200e-02 -6.99345444e-11 
 2.97249200e-02 -7.11916296e-11 
 2.97349200e-02 -7.24481342e-11 
 2.97449200e-02 -7.37015642e-11 
 2.97549200e-02 -7.49556433e-11 
 2.97649200e-02 -7.62082194e-11 
 2.97749200e-02 -7.74606929e-11 
 2.97849200e-02 -7.87104678e-11 
 2.97949200e-02 -7.99606525e-11 
 2.98049200e-02 -8.12081728e-11 
 2.98149200e-02 -8.24550781e-11 
 2.98249200e-02 -8.37009928e-11 
 2.98349200e-02 -8.49464975e-11 
 2.98449200e-02 -8.61898159e-11 
 2.98549200e-02 -8.74327244e-11 
 2.98649200e-02 -8.86729684e-11 
 2.98749200e-02 -8.99114360e-11 
 2.98849200e-02 -9.11518849e-11 
 2.98949200e-02 -9.23880296e-11 
 2.99049200e-02 -9.36243109e-11 
 2.99149200e-02 -9.48584059e-11 
 2.99249200e-02 -9.60929792e-11 
 2.99349200e-02 -9.73220867e-11 
 2.99449200e-02 -9.85546103e-11 
 2.99549200e-02 -9.97822831e-11 
 2.99649200e-02 -1.01009478e-10 
 2.99749200e-02 -1.02235169e-10 
 2.99849200e-02 -1.03459084e-10 
 2.99924600e-02 -1.04379992e-10 
 3.00000000e-02 -1.05300832e-10 
