 0.00000000e+00  0.00000000e+00 
 5.00000000e-13  0.00000000e+00 
 1.00000000e-12  0.00000000e+00 
 2.00000000e-12  0.00000000e+00 
 4.00000000e-12  0.00000000e+00 
 8.00000000e-12  0.00000000e+00 
 1.60000000e-11  0.00000000e+00 
 3.20000000e-11  0.00000000e+00 
 6.40000000e-11  0.00000000e+00 
 1.14000000e-10  0.00000000e+00 
 1.64000000e-10  0.00000000e+00 
 2.14000000e-10  0.00000000e+00 
 2.64000000e-10  0.00000000e+00 
 3.14000000e-10  0.00000000e+00 
 3.64000000e-10  0.00000000e+00 
 4.14000000e-10  0.00000000e+00 
 4.64000000e-10  0.00000000e+00 
 5.14000000e-10  0.00000000e+00 
 5.64000000e-10  0.00000000e+00 
 6.14000000e-10  0.00000000e+00 
 6.64000000e-10  0.00000000e+00 
 7.14000000e-10  0.00000000e+00 
 7.64000000e-10  0.00000000e+00 
 8.14000000e-10  0.00000000e+00 
 8.64000000e-10  0.00000000e+00 
 9.14000000e-10  0.00000000e+00 
 9.64000000e-10  0.00000000e+00 
 1.01400000e-09  0.00000000e+00 
 1.06400000e-09  0.00000000e+00 
 1.11400000e-09  0.00000000e+00 
 1.16400000e-09  0.00000000e+00 
 1.21400000e-09  0.00000000e+00 
 1.26400000e-09  0.00000000e+00 
 1.31400000e-09  0.00000000e+00 
 1.36400000e-09  0.00000000e+00 
 1.41400000e-09  0.00000000e+00 
 1.46400000e-09  0.00000000e+00 
 1.51400000e-09  0.00000000e+00 
 1.56400000e-09  0.00000000e+00 
 1.61400000e-09  0.00000000e+00 
 1.66400000e-09  0.00000000e+00 
 1.71400000e-09  0.00000000e+00 
 1.76400000e-09  0.00000000e+00 
 1.81400000e-09  0.00000000e+00 
 1.86400000e-09  0.00000000e+00 
 1.91400000e-09  0.00000000e+00 
 1.95700000e-09  0.00000000e+00 
 2.00000000e-09  0.00000000e+00 
 2.00067200e-09  4.41852271e-35 
 2.00201600e-09  1.19283406e-33 
 2.00470400e-09  4.33113750e-30 
 2.00805671e-09  4.13279583e-28 
 2.01476213e-09  1.36807270e-24 
 2.02817296e-09  8.56282099e-21 
 2.04847522e-09  3.87333280e-18 
 2.06740612e-09  5.15001222e-17 
 2.09411868e-09  2.03046396e-15 
 2.12783085e-09  6.81398200e-14 
 2.16530865e-09  1.11562762e-12 
 2.20961888e-09  1.65900957e-11 
 2.25961888e-09  1.88793018e-10 
 2.30961888e-09  1.29131248e-09 
 2.35961888e-09  6.60253601e-09 
 2.40961888e-09  2.75624744e-08 
 2.45961888e-09  9.85880623e-08 
 2.50961888e-09  3.11566618e-07 
 2.55961888e-09  8.88664618e-07 
 2.60961888e-09  2.32366726e-06 
 2.65961888e-09  5.63705541e-06 
 2.70961888e-09  1.28075373e-05 
 2.75961888e-09  2.74608217e-05 
 2.80961888e-09  5.59119527e-05 
 2.85961888e-09  1.08666440e-04 
 2.90961888e-09  2.02483060e-04 
 2.95961888e-09  3.63082960e-04 
 3.00961888e-09  6.28551961e-04 
 3.05961888e-09  1.05342377e-03 
 3.10961888e-09  1.71335218e-03 
 3.15961888e-09  2.71018413e-03 
 3.20961888e-09  4.17714101e-03 
 3.25961888e-09  6.28371279e-03 
 3.30961888e-09  9.23978312e-03 
 3.35961888e-09  1.32984470e-02 
 3.40961888e-09  1.87569703e-02 
 3.45480944e-09  2.51717442e-02 
 3.50000000e-09  3.32849839e-02 
 3.50500000e-09  3.43095014e-02 
 3.51500000e-09  3.64090773e-02 
 3.53500000e-09  4.09218115e-02 
 3.57500000e-09  5.13063764e-02 
 3.62500000e-09  6.71131413e-02 
 3.67500000e-09  8.64554084e-02 
 3.72500000e-09  1.09760221e-01 
 3.77500000e-09  1.37425577e-01 
 3.82500000e-09  1.69803407e-01 
 3.87500000e-09  2.07183685e-01 
 3.92500000e-09  2.49780916e-01 
 3.97500000e-09  2.97724145e-01 
 4.02500000e-09  3.51051453e-01 
 4.07500000e-09  4.09709551e-01 
 4.12500000e-09  4.73558720e-01 
 4.17500000e-09  5.42382856e-01 
 4.22500000e-09  6.15903911e-01 
 4.27500000e-09  6.93799602e-01 
 4.32500000e-09  7.75722887e-01 
 4.37500000e-09  8.61321493e-01 
 4.42500000e-09  9.50255706e-01 
 4.47500000e-09  1.04221276e+00 
 4.52500000e-09  1.13691640e+00 
 4.57500000e-09  1.23413073e+00 
 4.62500000e-09  1.33365788e+00 
 4.67500000e-09  1.43532980e+00 
 4.72500000e-09  1.53899502e+00 
 4.77500000e-09  1.64450177e+00 
 4.82500000e-09  1.75167951e+00 
 4.87500000e-09  1.86032074e+00 
 4.92500000e-09  1.97016560e+00 
 4.97500000e-09  2.08089095e+00 
 5.02500000e-09  2.19210579e+00 
 5.07500000e-09  2.30335391e+00 
 5.12500000e-09  2.41412405e+00 
 5.17500000e-09  2.52386714e+00 
 5.22500000e-09  2.63201934e+00 
 5.27500000e-09  2.73802903e+00 
 5.32500000e-09  2.84138533e+00 
 5.37500000e-09  2.94164564e+00 
 5.42500000e-09  3.03845944e+00 
 5.47500000e-09  3.13158632e+00 
 5.52500000e-09  3.22090617e+00 
 5.57500000e-09  3.30642072e+00 
 5.62500000e-09  3.38824613e+00 
 5.67500000e-09  3.46659718e+00 
 5.72500000e-09  3.54176469e+00 
 5.77500000e-09  3.61408814e+00 
 5.82500000e-09  3.68392607e+00 
 5.87500000e-09  3.75162703e+00 
 5.92500000e-09  3.81750362e+00 
 5.97500000e-09  3.88181194e+00 
 6.02500000e-09  3.94473809e+00 
 6.07500000e-09  4.00639261e+00 
 6.12500000e-09  4.06681300e+00 
 6.17500000e-09  4.12597355e+00 
 6.22500000e-09  4.18380105e+00 
 6.27500000e-09  4.24019439e+00 
 6.32500000e-09  4.29504581e+00 
 6.37500000e-09  4.34826141e+00 
 6.42500000e-09  4.39977884e+00 
 6.47500000e-09  4.44958041e+00 
 6.52500000e-09  4.49770042e+00 
 6.57500000e-09  4.54422649e+00 
 6.62500000e-09  4.58929479e+00 
 6.67500000e-09  4.63308042e+00 
 6.72500000e-09  4.67578392e+00 
 6.77500000e-09  4.71761600e+00 
 6.82500000e-09  4.75878183e+00 
 6.87500000e-09  4.79946699e+00 
 6.92500000e-09  4.83982618e+00 
 6.97500000e-09  4.87997568e+00 
 7.02500000e-09  4.91999009e+00 
 7.07500000e-09  4.95990313e+00 
 7.12500000e-09  4.99971201e+00 
 7.17500000e-09  5.03938433e+00 
 7.22500000e-09  5.07886644e+00 
 7.27500000e-09  5.11809190e+00 
 7.32500000e-09  5.15698911e+00 
 7.37500000e-09  5.19548705e+00 
 7.42500000e-09  5.23351876e+00 
 7.47500000e-09  5.27102230e+00 
 7.52500000e-09  5.30793960e+00 
 7.57500000e-09  5.34421361e+00 
 7.62500000e-09  5.37978469e+00 
 7.67500000e-09  5.41458700e+00 
 7.72500000e-09  5.44854584e+00 
 7.77500000e-09  5.48157651e+00 
 7.82500000e-09  5.51358512e+00 
 7.87500000e-09  5.54447147e+00 
 7.92500000e-09  5.57413358e+00 
 7.97500000e-09  5.60247352e+00 
 8.02500000e-09  5.62940356e+00 
 8.07500000e-09  5.65485197e+00 
 8.12500000e-09  5.67876744e+00 
 8.17500000e-09  5.70112161e+00 
 8.22500000e-09  5.72190912e+00 
 8.27500000e-09  5.74114516e+00 
 8.32500000e-09  5.75886074e+00 
 8.37500000e-09  5.77509622e+00 
 8.42500000e-09  5.78989385e+00 
 8.47500000e-09  5.80329049e+00 
 8.52500000e-09  5.81531122e+00 
 8.57500000e-09  5.82596500e+00 
 8.62500000e-09  5.83524294e+00 
 8.67500000e-09  5.84311950e+00 
 8.72500000e-09  5.84955680e+00 
 8.77500000e-09  5.85451142e+00 
 8.82500000e-09  5.85794314e+00 
 8.87500000e-09  5.85982465e+00 
 8.92500000e-09  5.86015088e+00 
 8.97500000e-09  5.85894707e+00 
 9.02500000e-09  5.85627437e+00 
 9.07500000e-09  5.85223224e+00 
 9.12500000e-09  5.84695713e+00 
 9.17500000e-09  5.84061751e+00 
 9.22500000e-09  5.83340542e+00 
 9.27500000e-09  5.82552545e+00 
 9.32500000e-09  5.81718201e+00 
 9.37500000e-09  5.80856618e+00 
 9.42500000e-09  5.79984343e+00 
 9.47500000e-09  5.79114331e+00 
 9.52500000e-09  5.78255230e+00 
 9.57500000e-09  5.77411031e+00 
 9.62500000e-09  5.76581126e+00 
 9.67500000e-09  5.75760772e+00 
 9.72500000e-09  5.74941903e+00 
 9.77500000e-09  5.74114219e+00 
 9.82500000e-09  5.73266443e+00 
 9.87500000e-09  5.72387624e+00 
 9.92500000e-09  5.71468370e+00 
 9.97500000e-09  5.70501891e+00 
 1.00250000e-08  5.69484765e+00 
 1.00750000e-08  5.68417359e+00 
 1.01250000e-08  5.67303874e+00 
 1.01750000e-08  5.66152022e+00 
 1.02250000e-08  5.64972370e+00 
 1.02750000e-08  5.63777425e+00 
 1.03250000e-08  5.62580544e+00 
 1.03750000e-08  5.61394778e+00 
 1.04250000e-08  5.60231755e+00 
 1.04750000e-08  5.59100699e+00 
 1.05250000e-08  5.58007685e+00 
 1.05750000e-08  5.56955170e+00 
 1.06250000e-08  5.55941852e+00 
 1.06750000e-08  5.54962859e+00 
 1.07250000e-08  5.54010236e+00 
 1.07750000e-08  5.53073694e+00 
 1.08250000e-08  5.52141529e+00 
 1.08750000e-08  5.51201646e+00 
 1.09250000e-08  5.50242574e+00 
 1.09750000e-08  5.49254401e+00 
 1.10250000e-08  5.48229537e+00 
 1.10750000e-08  5.47163239e+00 
 1.11250000e-08  5.46053870e+00 
 1.11750000e-08  5.44902870e+00 
 1.12250000e-08  5.43714444e+00 
 1.12750000e-08  5.42495021e+00 
 1.13250000e-08  5.41252534e+00 
 1.13750000e-08  5.39995595e+00 
 1.14250000e-08  5.38732649e+00 
 1.14750000e-08  5.37471196e+00 
 1.15250000e-08  5.36217150e+00 
 1.15750000e-08  5.34974397e+00 
 1.16250000e-08  5.33744588e+00 
 1.16750000e-08  5.32527187e+00 
 1.17250000e-08  5.31319754e+00 
 1.17750000e-08  5.30118432e+00 
 1.18250000e-08  5.28918572e+00 
 1.18750000e-08  5.27715438e+00 
 1.19250000e-08  5.26504896e+00 
 1.19750000e-08  5.25284023e+00 
 1.20250000e-08  5.24051575e+00 
 1.20750000e-08  5.22808243e+00 
 1.21250000e-08  5.21556707e+00 
 1.21750000e-08  5.20301450e+00 
 1.22250000e-08  5.19048396e+00 
 1.22750000e-08  5.17804382e+00 
 1.23250000e-08  5.16576559e+00 
 1.23750000e-08  5.15371776e+00 
 1.24250000e-08  5.14196019e+00 
 1.24750000e-08  5.13053979e+00 
 1.25250000e-08  5.11948784e+00 
 1.25750000e-08  5.10881920e+00 
 1.26250000e-08  5.09853349e+00 
 1.26750000e-08  5.08861795e+00 
 1.27250000e-08  5.07905150e+00 
 1.27750000e-08  5.06980941e+00 
 1.28250000e-08  5.06086800e+00 
 1.28750000e-08  5.05220860e+00 
 1.29250000e-08  5.04382032e+00 
 1.29750000e-08  5.03570124e+00 
 1.30250000e-08  5.02785785e+00 
 1.30750000e-08  5.02030296e+00 
 1.31250000e-08  5.01305227e+00 
 1.31750000e-08  5.00612027e+00 
 1.32250000e-08  4.99951602e+00 
 1.32750000e-08  4.99323954e+00 
 1.33250000e-08  4.98727936e+00 
 1.33750000e-08  4.98161169e+00 
 1.34250000e-08  4.97620150e+00 
 1.34750000e-08  4.97100538e+00 
 1.35250000e-08  4.96597594e+00 
 1.35750000e-08  4.96106728e+00 
 1.36250000e-08  4.95624064e+00 
 1.36750000e-08  4.95146977e+00 
 1.37250000e-08  4.94674489e+00 
 1.37750000e-08  4.94207493e+00 
 1.38250000e-08  4.93748748e+00 
 1.38750000e-08  4.93302630e+00 
 1.39250000e-08  4.92874662e+00 
 1.39750000e-08  4.92470864e+00 
 1.40250000e-08  4.92097007e+00 
 1.40750000e-08  4.91757835e+00 
 1.41250000e-08  4.91456381e+00 
 1.41750000e-08  4.91193435e+00 
 1.42250000e-08  4.90967264e+00 
 1.42750000e-08  4.90773602e+00 
 1.43250000e-08  4.90605947e+00 
 1.43750000e-08  4.90456124e+00 
 1.44250000e-08  4.90315068e+00 
 1.44750000e-08  4.90173737e+00 
 1.45250000e-08  4.90024051e+00 
 1.45750000e-08  4.89859761e+00 
 1.46250000e-08  4.89677128e+00 
 1.46750000e-08  4.89475348e+00 
 1.47250000e-08  4.89256656e+00 
 1.47750000e-08  4.89026111e+00 
 1.48250000e-08  4.88791057e+00 
 1.48750000e-08  4.88560341e+00 
 1.49250000e-08  4.88343372e+00 
 1.49750000e-08  4.88149110e+00 
 1.50250000e-08  4.87985119e+00 
 1.50750000e-08  4.87856776e+00 
 1.51250000e-08  4.87766735e+00 
 1.51750000e-08  4.87714694e+00 
 1.52250000e-08  4.87697490e+00 
 1.52750000e-08  4.87709509e+00 
 1.53250000e-08  4.87743364e+00 
 1.53750000e-08  4.87790742e+00 
 1.54250000e-08  4.87843346e+00 
 1.54750000e-08  4.87893799e+00 
 1.55250000e-08  4.87936427e+00 
 1.55750000e-08  4.87967824e+00 
 1.56250000e-08  4.87987149e+00 
 1.56750000e-08  4.87996116e+00 
 1.57250000e-08  4.87998709e+00 
 1.57750000e-08  4.88000643e+00 
 1.58250000e-08  4.88008647e+00 
 1.58750000e-08  4.88029665e+00 
 1.59250000e-08  4.88070054e+00 
 1.59750000e-08  4.88134886e+00 
 1.60250000e-08  4.88227415e+00 
 1.60750000e-08  4.88348769e+00 
 1.61250000e-08  4.88497896e+00 
 1.61750000e-08  4.88671740e+00 
 1.62250000e-08  4.88865644e+00 
 1.62750000e-08  4.89073891e+00 
 1.63250000e-08  4.89290340e+00 
 1.63750000e-08  4.89509065e+00 
 1.64250000e-08  4.89724921e+00 
 1.64750000e-08  4.89933996e+00 
 1.65250000e-08  4.90133883e+00 
 1.65750000e-08  4.90323765e+00 
 1.66250000e-08  4.90504320e+00 
 1.66750000e-08  4.90677459e+00 
 1.67250000e-08  4.90845953e+00 
 1.67750000e-08  4.91012990e+00 
 1.68250000e-08  4.91181737e+00 
 1.68750000e-08  4.91354936e+00 
 1.69250000e-08  4.91534600e+00 
 1.69750000e-08  4.91721828e+00 
 1.70250000e-08  4.91916747e+00 
 1.70750000e-08  4.92118585e+00 
 1.71250000e-08  4.92325852e+00 
 1.71750000e-08  4.92536587e+00 
 1.72250000e-08  4.92748648e+00 
 1.72750000e-08  4.92959986e+00 
 1.73250000e-08  4.93168893e+00 
 1.73750000e-08  4.93374163e+00 
 1.74250000e-08  4.93575183e+00 
 1.74750000e-08  4.93771925e+00 
 1.75250000e-08  4.93964861e+00 
 1.75750000e-08  4.94154813e+00 
 1.76250000e-08  4.94342768e+00 
 1.76750000e-08  4.94529680e+00 
 1.77250000e-08  4.94716290e+00 
 1.77750000e-08  4.94902994e+00 
 1.78250000e-08  4.95089758e+00 
 1.78750000e-08  4.95276105e+00 
 1.79250000e-08  4.95461172e+00 
 1.79750000e-08  4.95643807e+00 
 1.80250000e-08  4.95822727e+00 
 1.80750000e-08  4.95996675e+00 
 1.81250000e-08  4.96164596e+00 
 1.81750000e-08  4.96325773e+00 
 1.82250000e-08  4.96479946e+00 
 1.82750000e-08  4.96627361e+00 
 1.83250000e-08  4.96768782e+00 
 1.83750000e-08  4.96905432e+00 
 1.84250000e-08  4.97038899e+00 
 1.84750000e-08  4.97170990e+00 
 1.85250000e-08  4.97303571e+00 
 1.85750000e-08  4.97438393e+00 
 1.86250000e-08  4.97576919e+00 
 1.86750000e-08  4.97720182e+00 
 1.87250000e-08  4.97868672e+00 
 1.87750000e-08  4.98022269e+00 
 1.88250000e-08  4.98180224e+00 
 1.88750000e-08  4.98341203e+00 
 1.89250000e-08  4.98503373e+00 
 1.89750000e-08  4.98664541e+00 
 1.90250000e-08  4.98822331e+00 
 1.90750000e-08  4.98974387e+00 
 1.91250000e-08  4.99118578e+00 
 1.91750000e-08  4.99253202e+00 
 1.92250000e-08  4.99377160e+00 
 1.92750000e-08  4.99490084e+00 
 1.93250000e-08  4.99592402e+00 
 1.93750000e-08  4.99685337e+00 
 1.94250000e-08  4.99770823e+00 
 1.94750000e-08  4.99851353e+00 
 1.95250000e-08  4.99929750e+00 
 1.95750000e-08  5.00008908e+00 
 1.96250000e-08  5.00091489e+00 
 1.96750000e-08  5.00179640e+00 
 1.97250000e-08  5.00274739e+00 
 1.97750000e-08  5.00377204e+00 
 1.98250000e-08  5.00486399e+00 
 1.98750000e-08  5.00600637e+00 
 1.99250000e-08  5.00717306e+00 
 1.99750000e-08  5.00833089e+00 
 2.00250000e-08  5.00944291e+00 
 2.00750000e-08  5.01047202e+00 
 2.01250000e-08  5.01138501e+00 
 2.01750000e-08  5.01215623e+00 
 2.02250000e-08  5.01277067e+00 
 2.02750000e-08  5.01322601e+00 
 2.03250000e-08  5.01353332e+00 
 2.03750000e-08  5.01371637e+00 
 2.04250000e-08  5.01380943e+00 
 2.04750000e-08  5.01385390e+00 
 2.05250000e-08  5.01389403e+00 
 2.05750000e-08  5.01397218e+00 
 2.06250000e-08  5.01412419e+00 
 2.06750000e-08  5.01437539e+00 
 2.07250000e-08  5.01473767e+00 
 2.07750000e-08  5.01520808e+00 
 2.08250000e-08  5.01576903e+00 
 2.08750000e-08  5.01639022e+00 
 2.09250000e-08  5.01703199e+00 
 2.09750000e-08  5.01764985e+00 
 2.10250000e-08  5.01819953e+00 
 2.10750000e-08  5.01864205e+00 
 2.11250000e-08  5.01894826e+00 
 2.11750000e-08  5.01910218e+00 
 2.12250000e-08  5.01910283e+00 
 2.12750000e-08  5.01896433e+00 
 2.13250000e-08  5.01871416e+00 
 2.13750000e-08  5.01838998e+00 
 2.14250000e-08  5.01803511e+00 
 2.14625000e-08  5.01777436e+00 
 2.15000000e-08  5.01753870e+00 
 2.15050000e-08  5.01751025e+00 
 2.15150000e-08  5.01745492e+00 
 2.15350000e-08  5.01735432e+00 
 2.15667415e-08  5.01722528e+00 
 2.16167415e-08  5.01710617e+00 
 2.16667415e-08  5.01709302e+00 
 2.17167415e-08  5.01717780e+00 
 2.17667415e-08  5.01733958e+00 
 2.18167415e-08  5.01754750e+00 
 2.18667415e-08  5.01776492e+00 
 2.19167415e-08  5.01795410e+00 
 2.19667415e-08  5.01808103e+00 
 2.20167415e-08  5.01811959e+00 
 2.20667415e-08  5.01805455e+00 
 2.21167415e-08  5.01788308e+00 
 2.21667415e-08  5.01761442e+00 
 2.22167415e-08  5.01726776e+00 
 2.22667415e-08  5.01686845e+00 
 2.23167415e-08  5.01644288e+00 
 2.23667415e-08  5.01601242e+00 
 2.24167415e-08  5.01558696e+00 
 2.24667415e-08  5.01515851e+00 
 2.25167415e-08  5.01469528e+00 
 2.25667415e-08  5.01413660e+00 
 2.26167415e-08  5.01338877e+00 
 2.26667415e-08  5.01232214e+00 
 2.27167415e-08  5.01076928e+00 
 2.27667415e-08  5.00852421e+00 
 2.28167415e-08  5.00534267e+00 
 2.28667415e-08  5.00094346e+00 
 2.29167415e-08  4.99501075e+00 
 2.29583707e-08  4.98866040e+00 
 2.30000000e-08  4.98079322e+00 
 2.30050000e-08  4.97972510e+00 
 2.30150000e-08  4.97753704e+00 
 2.30350000e-08  4.97284037e+00 
 2.30750000e-08  4.96206698e+00 
 2.31250000e-08  4.94575451e+00 
 2.31750000e-08  4.92591368e+00 
 2.32250000e-08  4.90214831e+00 
 2.32750000e-08  4.87408618e+00 
 2.33250000e-08  4.84139264e+00 
 2.33750000e-08  4.80378424e+00 
 2.34250000e-08  4.76104138e+00 
 2.34750000e-08  4.71301892e+00 
 2.35250000e-08  4.65965376e+00 
 2.35750000e-08  4.60096838e+00 
 2.36250000e-08  4.53706988e+00 
 2.36750000e-08  4.46814410e+00 
 2.37250000e-08  4.39444496e+00 
 2.37750000e-08  4.31627987e+00 
 2.38250000e-08  4.23399213e+00 
 2.38750000e-08  4.14794186e+00 
 2.39250000e-08  4.05848727e+00 
 2.39750000e-08  3.96596802e+00 
 2.40250000e-08  3.87069234e+00 
 2.40750000e-08  3.77292933e+00 
 2.41250000e-08  3.67290730e+00 
 2.41750000e-08  3.57081841e+00 
 2.42250000e-08  3.46682915e+00 
 2.42750000e-08  3.36109557e+00 
 2.43250000e-08  3.25378149e+00 
 2.43750000e-08  3.14507767e+00 
 2.44250000e-08  3.03521947e+00 
 2.44750000e-08  2.92450073e+00 
 2.45250000e-08  2.81328196e+00 
 2.45750000e-08  2.70199124e+00 
 2.46250000e-08  2.59111726e+00 
 2.46750000e-08  2.48119448e+00 
 2.47250000e-08  2.37278151e+00 
 2.47750000e-08  2.26643437e+00 
 2.48250000e-08  2.16267713e+00 
 2.48750000e-08  2.06197255e+00 
 2.49250000e-08  1.96469564e+00 
 2.49750000e-08  1.87111285e+00 
 2.50250000e-08  1.78136879e+00 
 2.50750000e-08  1.69548217e+00 
 2.51250000e-08  1.61335119e+00 
 2.51750000e-08  1.53476809e+00 
 2.52250000e-08  1.45944148e+00 
 2.52750000e-08  1.38702425e+00 
 2.53250000e-08  1.31714446e+00 
 2.53750000e-08  1.24943620e+00 
 2.54250000e-08  1.18356771e+00 
 2.54750000e-08  1.11926402e+00 
 2.55250000e-08  1.05632240e+00 
 2.55750000e-08  9.94619385e-01 
 2.56250000e-08  9.34109269e-01 
 2.56750000e-08  8.74814644e-01 
 2.57250000e-08  8.16810508e-01 
 2.57750000e-08  7.60203996e-01 
 2.58250000e-08  7.05112122e-01 
 2.58750000e-08  6.51640051e-01 
 2.59250000e-08  5.99862169e-01 
 2.59750000e-08  5.49807820e-01 
 2.60250000e-08  5.01452938e-01 
 2.60750000e-08  4.54718087e-01 
 2.61250000e-08  4.09472693e-01 
 2.61750000e-08  3.65544590e-01 
 2.62250000e-08  3.22733459e-01 
 2.62750000e-08  2.80826449e-01 
 2.63250000e-08  2.39614127e-01 
 2.63750000e-08  1.98905053e-01 
 2.64250000e-08  1.58537548e-01 
 2.64750000e-08  1.18387704e-01 
 2.65250000e-08  7.83731927e-02 
 2.65750000e-08  3.84529612e-02 
 2.66250000e-08 -1.37660256e-03 
 2.66750000e-08 -4.10881113e-02 
 2.67250000e-08 -8.06310804e-02 
 2.67750000e-08 -1.19940104e-01 
 2.68250000e-08 -1.58942235e-01 
 2.68750000e-08 -1.97562747e-01 
 2.69250000e-08 -2.35728790e-01 
 2.69750000e-08 -2.73370834e-01 
 2.70250000e-08 -3.10422138e-01 
 2.70750000e-08 -3.46816781e-01 
 2.71250000e-08 -3.82486974e-01 
 2.71750000e-08 -4.17360433e-01 
 2.72250000e-08 -4.51358537e-01 
 2.72750000e-08 -4.84395805e-01 
 2.73250000e-08 -5.16380996e-01 
 2.73750000e-08 -5.47219824e-01 
 2.74250000e-08 -5.76819006e-01 
 2.74750000e-08 -6.05091113e-01 
 2.75250000e-08 -6.31959554e-01 
 2.75750000e-08 -6.57362955e-01 
 2.76250000e-08 -6.81258271e-01 
 2.76750000e-08 -7.03622112e-01 
 2.77250000e-08 -7.24450032e-01 
 2.77750000e-08 -7.43753769e-01 
 2.78250000e-08 -7.61556776e-01 
 2.78750000e-08 -7.77888549e-01 
 2.79250000e-08 -7.92778536e-01 
 2.79750000e-08 -8.06250402e-01 
 2.80250000e-08 -8.18317479e-01 
 2.80750000e-08 -8.28980049e-01 
 2.81250000e-08 -8.38224925e-01 
 2.81750000e-08 -8.46027489e-01 
 2.82250000e-08 -8.52356064e-01 
 2.82750000e-08 -8.57178181e-01 
 2.83250000e-08 -8.60468075e-01 
 2.83750000e-08 -8.62214545e-01 
 2.84250000e-08 -8.62428289e-01 
 2.84750000e-08 -8.61147792e-01 
 2.85250000e-08 -8.58443053e-01 
 2.85750000e-08 -8.54416601e-01 
 2.86250000e-08 -8.49201551e-01 
 2.86750000e-08 -8.42956769e-01 
 2.87250000e-08 -8.35859485e-01 
 2.87750000e-08 -8.28095981e-01 
 2.88250000e-08 -8.19851174e-01 
 2.88750000e-08 -8.11298001e-01 
 2.89250000e-08 -8.02587568e-01 
 2.89750000e-08 -7.93840933e-01 
 2.90250000e-08 -7.85143223e-01 
 2.90750000e-08 -7.76540623e-01 
 2.91250000e-08 -7.68040433e-01 
 2.91750000e-08 -7.59614198e-01 
 2.92250000e-08 -7.51203594e-01 
 2.92750000e-08 -7.42728554e-01 
 2.93250000e-08 -7.34096910e-01 
 2.93750000e-08 -7.25214759e-01 
 2.94250000e-08 -7.15996648e-01 
 2.94750000e-08 -7.06374768e-01 
 2.95250000e-08 -6.96306394e-01 
 2.95750000e-08 -6.85778984e-01 
 2.96250000e-08 -6.74812522e-01 
 2.96750000e-08 -6.63458947e-01 
 2.97250000e-08 -6.51798720e-01 
 2.97750000e-08 -6.39934813e-01 
 2.98250000e-08 -6.27984639e-01 
 2.98750000e-08 -6.16070581e-01 
 2.99250000e-08 -6.04309924e-01 
 2.99750000e-08 -5.92805049e-01 
 3.00250000e-08 -5.81634720e-01 
 3.00750000e-08 -5.70847254e-01 
 3.01250000e-08 -5.60456185e-01 
 3.01750000e-08 -5.50438842e-01 
 3.02250000e-08 -5.40738022e-01 
 3.02750000e-08 -5.31266660e-01 
 3.03250000e-08 -5.21915125e-01 
 3.03750000e-08 -5.12560518e-01 
 3.04250000e-08 -5.03077168e-01 
 3.04750000e-08 -4.93347374e-01 
 3.05250000e-08 -4.83271393e-01 
 3.05750000e-08 -4.72775747e-01 
 3.06250000e-08 -4.61819055e-01 
 3.06750000e-08 -4.50394821e-01 
 3.07250000e-08 -4.38530919e-01 
 3.07750000e-08 -4.26285825e-01 
 3.08250000e-08 -4.13742000e-01 
 3.08750000e-08 -4.00997099e-01 
 3.09250000e-08 -3.88153934e-01 
 3.09750000e-08 -3.75310241e-01 
 3.10250000e-08 -3.62549325e-01 
 3.10750000e-08 -3.49932569e-01 
 3.11250000e-08 -3.37494592e-01 
 3.11750000e-08 -3.25241535e-01 
 3.12250000e-08 -3.13152621e-01 
 3.12750000e-08 -3.01184760e-01 
 3.13250000e-08 -2.89279634e-01 
 3.13750000e-08 -2.77372412e-01 
 3.14250000e-08 -2.65401064e-01 
 3.14750000e-08 -2.53315207e-01 
 3.15250000e-08 -2.41083441e-01 
 3.15750000e-08 -2.28698359e-01 
 3.16250000e-08 -2.16178683e-01 
 3.16750000e-08 -2.03568327e-01 
 3.17250000e-08 -1.90932559e-01 
 3.17750000e-08 -1.78351788e-01 
 3.18250000e-08 -1.65913752e-01 
 3.18750000e-08 -1.53705105e-01 
 3.19250000e-08 -1.41803407e-01 
 3.19750000e-08 -1.30270477e-01 
 3.20250000e-08 -1.19147875e-01 
 3.20750000e-08 -1.08454970e-01 
 3.21250000e-08 -9.81897308e-02 
 3.21750000e-08 -8.83320286e-02 
 3.22250000e-08 -7.88488901e-02 
 3.22750000e-08 -6.97009396e-02 
 3.23250000e-08 -6.08491019e-02 
 3.23750000e-08 -5.22606434e-02 
 3.24250000e-08 -4.39137382e-02 
 3.24750000e-08 -3.57999667e-02 
 3.25250000e-08 -2.79244599e-02 
 3.25750000e-08 -2.03037338e-02 
 3.26250000e-08 -1.29615908e-02 
 3.26750000e-08 -5.92374041e-03 
 3.27250000e-08  7.88029406e-04 
 3.27750000e-08  7.16122627e-03 
 3.28250000e-08  1.31967338e-02 
 3.28750000e-08  1.89109342e-02 
 3.29250000e-08  2.43354855e-02 
 3.29750000e-08  2.95146948e-02 
 3.30250000e-08  3.45007783e-02 
 3.30750000e-08  3.93476057e-02 
 3.31250000e-08  4.41037655e-02 
 3.31750000e-08  4.88059061e-02 
 3.32250000e-08  5.34733066e-02 
 3.32750000e-08  5.81044917e-02 
 3.33250000e-08  6.26764570e-02 
 3.33750000e-08  6.71467344e-02 
 3.34250000e-08  7.14581577e-02 
 3.34750000e-08  7.55458207e-02 
 3.35250000e-08  7.93454172e-02 
 3.35750000e-08  8.28019427e-02 
 3.36250000e-08  8.58776612e-02 
 3.36750000e-08  8.85582985e-02 
 3.37250000e-08  9.08566245e-02 
 3.37750000e-08  9.28128895e-02 
 3.38250000e-08  9.44919645e-02 
 3.38750000e-08  9.59774399e-02 
 3.39250000e-08  9.73633180e-02 
 3.39750000e-08  9.87442407e-02 
 3.40250000e-08  1.00205388e-01 
 3.40750000e-08  1.01813235e-01 
 3.41250000e-08  1.03608264e-01 
 3.41750000e-08  1.05600501e-01 
 3.42250000e-08  1.07768423e-01 
 3.42750000e-08  1.10061356e-01 
 3.43250000e-08  1.12405112e-01 
 3.43750000e-08  1.14710188e-01 
 3.44250000e-08  1.16881586e-01 
 3.44750000e-08  1.18829107e-01 
 3.45250000e-08  1.20476958e-01 
 3.45750000e-08  1.21771569e-01 
 3.46250000e-08  1.22686781e-01 
 3.46750000e-08  1.23225862e-01 
 3.47250000e-08  1.23420211e-01 
 3.47750000e-08  1.23324970e-01 
 3.48250000e-08  1.23012150e-01 
 3.48750000e-08  1.22562124e-01 
 3.49250000e-08  1.22054500e-01 
 3.49750000e-08  1.21559464e-01 
 3.50250000e-08  1.21130522e-01 
 3.50750000e-08  1.20799443e-01 
 3.51250000e-08  1.20573860e-01 
 3.51750000e-08  1.20437698e-01 
 3.52250000e-08  1.20354241e-01 
 3.52750000e-08  1.20271351e-01 
 3.53250000e-08  1.20128157e-01 
 3.53750000e-08  1.19862354e-01 
 3.54250000e-08  1.19417267e-01 
 3.54750000e-08  1.18747897e-01 
 3.55250000e-08  1.17825330e-01 
 3.55750000e-08  1.16639114e-01 
 3.56250000e-08  1.15197497e-01 
 3.56750000e-08  1.13525641e-01 
 3.57250000e-08  1.11662166e-01 
 3.57750000e-08  1.09654552e-01 
 3.58250000e-08  1.07554002e-01 
 3.58750000e-08  1.05410385e-01 
 3.59250000e-08  1.03267813e-01 
 3.59750000e-08  1.01161277e-01 
 3.60250000e-08  9.91146076e-02 
 3.60750000e-08  9.71398366e-02 
 3.61250000e-08  9.52378635e-02 
 3.61750000e-08  9.34001970e-02 
 3.62250000e-08  9.16114326e-02 
 3.62750000e-08  8.98520871e-02 
 3.63250000e-08  8.81014214e-02 
 3.63750000e-08  8.63399308e-02 
 3.64250000e-08  8.45512752e-02 
 3.64750000e-08  8.27235228e-02 
 3.65250000e-08  8.08496886e-02 
 3.65750000e-08  7.89276404e-02 
 3.66250000e-08  7.69595139e-02 
 3.66750000e-08  7.49508139e-02 
 3.67250000e-08  7.29093833e-02 
 3.67750000e-08  7.08444002e-02 
 3.68250000e-08  6.87655200e-02 
 3.68750000e-08  6.66822266e-02 
 3.69250000e-08  6.46034068e-02 
 3.69750000e-08  6.25371181e-02 
 3.70250000e-08  6.04904947e-02 
 3.70750000e-08  5.84697255e-02 
 3.71250000e-08  5.64800486e-02 
 3.71750000e-08  5.45257242e-02 
 3.72250000e-08  5.26099779e-02 
 3.72750000e-08  5.07349269e-02 
 3.73250000e-08  4.89015267e-02 
 3.73750000e-08  4.71095761e-02 
 3.74250000e-08  4.53578177e-02 
 3.74750000e-08  4.36441481e-02 
 3.75250000e-08  4.19659296e-02 
 3.75750000e-08  4.03203648e-02 
 3.76250000e-08  3.87048739e-02 
 3.76750000e-08  3.71173997e-02 
 3.77250000e-08  3.55565720e-02 
 3.77750000e-08  3.40216763e-02 
 3.78250000e-08  3.25124089e-02 
 3.78750000e-08  3.10284407e-02 
 3.79250000e-08  2.95688546e-02 
 3.79750000e-08  2.81315631e-02 
 3.80250000e-08  2.67128292e-02 
 3.80750000e-08  2.53070223e-02 
 3.81250000e-08  2.39067135e-02 
 3.81750000e-08  2.25031746e-02 
 3.82250000e-08  2.10872781e-02 
 3.82750000e-08  1.96507281e-02 
 3.83250000e-08  1.81874810e-02 
 3.83750000e-08  1.66951575e-02 
 3.84250000e-08  1.51762217e-02 
 3.84750000e-08  1.36387000e-02 
 3.85250000e-08  1.20962557e-02 
 3.85750000e-08  1.05675029e-02 
 3.86250000e-08  9.07454621e-03 
 3.86750000e-08  7.64084066e-03 
 3.87250000e-08  6.28858087e-03 
 3.87750000e-08  5.03591718e-03 
 3.88250000e-08  3.89435636e-03 
 3.88750000e-08  2.86671641e-03 
 3.89250000e-08  1.94596614e-03 
 3.89750000e-08  1.11519165e-03 
 3.90250000e-08  3.48801230e-04 
 3.90750000e-08 -3.85076260e-04 
 3.91250000e-08 -1.12120743e-03 
 3.91750000e-08 -1.89324013e-03 
 3.92250000e-08 -2.72952391e-03 
 3.92750000e-08 -3.64928571e-03 
 3.93250000e-08 -4.65967033e-03 
 3.93750000e-08 -5.75407665e-03 
 3.94250000e-08 -6.91207989e-03 
 3.94750000e-08 -8.10104344e-03 
 3.95250000e-08 -9.27931315e-03 
 3.95750000e-08 -1.04006797e-02 
 3.96250000e-08 -1.14196177e-02 
 3.96750000e-08 -1.22966883e-02 
 3.97250000e-08 -1.30034456e-02 
 3.97750000e-08 -1.35262207e-02 
 3.98250000e-08 -1.38682746e-02 
 3.98750000e-08 -1.40499993e-02 
 3.99250000e-08 -1.41070761e-02 
 3.99750000e-08 -1.40867564e-02 
 4.00250000e-08 -1.40426678e-02 
 4.00750000e-08 -1.40287419e-02 
 4.01250000e-08 -1.40929867e-02 
 4.01750000e-08 -1.42718581e-02 
 4.02250000e-08 -1.45859293e-02 
 4.02750000e-08 -1.50374049e-02 
 4.03250000e-08 -1.56098068e-02 
 4.03750000e-08 -1.62698954e-02 
 4.04250000e-08 -1.69716092e-02 
 4.04750000e-08 -1.76615577e-02 
 4.05250000e-08 -1.82854008e-02 
 4.05750000e-08 -1.87943400e-02 
 4.06250000e-08 -1.91509230e-02 
 4.06750000e-08 -1.93334540e-02 
 4.07250000e-08 -1.93384704e-02 
 4.07750000e-08 -1.91809910e-02 
 4.08250000e-08 -1.88925205e-02 
 4.08750000e-08 -1.85170742e-02 
 4.09250000e-08 -1.81057352e-02 
 4.09750000e-08 -1.77104355e-02 
 4.10250000e-08 -1.73777450e-02 
 4.10750000e-08 -1.71434416e-02 
 4.11250000e-08 -1.70285298e-02 
 4.11750000e-08 -1.70371806e-02 
 4.12250000e-08 -1.71568181e-02 
 4.12750000e-08 -1.73602972e-02 
 4.13250000e-08 -1.76098537e-02 
 4.13750000e-08 -1.78622858e-02 
 4.14250000e-08 -1.80746757e-02 
 4.14750000e-08 -1.82099054e-02 
 4.15250000e-08 -1.82412606e-02 
 4.15750000e-08 -1.81555487e-02 
 4.16250000e-08 -1.79543639e-02 
 4.16750000e-08 -1.76533775e-02 
 4.17250000e-08 -1.72797990e-02 
 4.17750000e-08 -1.68683843e-02 
 4.18250000e-08 -1.64565552e-02 
 4.18750000e-08 -1.60792992e-02 
 4.19250000e-08 -1.57645309e-02 
 4.19625000e-08 -1.55802872e-02 
 4.20000000e-08 -1.54443532e-02 
 4.20050000e-08 -1.54303045e-02 
 4.20150000e-08 -1.54038603e-02 
 4.20350000e-08 -1.53605506e-02 
 4.20648426e-08 -1.53175851e-02 
 4.21091505e-08 -1.52918727e-02 
 4.21591505e-08 -1.52960568e-02 
 4.22091505e-08 -1.53050988e-02 
 4.22591505e-08 -1.52859841e-02 
 4.23091505e-08 -1.52091448e-02 
 4.23591505e-08 -1.50525036e-02 
 4.24091505e-08 -1.48044308e-02 
 4.24591505e-08 -1.44652263e-02 
 4.25091505e-08 -1.40469412e-02 
 4.25591505e-08 -1.35715658e-02 
 4.26091505e-08 -1.30678141e-02 
 4.26591505e-08 -1.25668946e-02 
 4.27091505e-08 -1.20977505e-02 
 4.27591505e-08 -1.16822749e-02 
 4.28091505e-08 -1.13309477e-02 
 4.28591505e-08 -1.10392188e-02 
 4.29091505e-08 -1.07847977e-02 
 4.29591505e-08 -1.05258265e-02 
 4.30091505e-08 -1.01997474e-02 
 4.30591505e-08 -9.72255436e-03 
 4.31091505e-08 -8.98806376e-03 
 4.31591505e-08 -7.86686446e-03 
 4.32091505e-08 -6.20471370e-03 
 4.32591505e-08 -3.82031774e-03 
 4.33091505e-08 -5.02651683e-04 
 4.33591505e-08  3.99180206e-03 
 4.34091505e-08  9.94132047e-03 
 4.34545753e-08  1.68663770e-02 
 4.35000000e-08  2.55111102e-02 
 4.35050000e-08  2.65893939e-02 
 4.35150000e-08  2.87959530e-02 
 4.35350000e-08  3.35186788e-02 
 4.35750000e-08  4.43010864e-02 
 4.36250000e-08  6.05499105e-02 
 4.36750000e-08  8.02584273e-02 
 4.37250000e-08  1.03845888e-01 
 4.37750000e-08  1.31712067e-01 
 4.38250000e-08  1.64219632e-01 
 4.38750000e-08  2.01676600e-01 
 4.39250000e-08  2.44320354e-01 
 4.39750000e-08  2.92304756e-01 
 4.40250000e-08  3.45691652e-01 
 4.40750000e-08  4.04447807e-01 
 4.41250000e-08  4.68447775e-01 
 4.41750000e-08  5.37482708e-01 
 4.42250000e-08  6.11274476e-01 
 4.42750000e-08  6.89493935e-01 
 4.43250000e-08  7.71781703e-01 
 4.43750000e-08  8.57769506e-01 
 4.44250000e-08  9.47100034e-01 
 4.44750000e-08  1.03944335e+00 
 4.45250000e-08  1.13450824e+00 
 4.45750000e-08  1.23204732e+00 
 4.46250000e-08  1.33185547e+00 
 4.46750000e-08  1.43376177e+00 
 4.47250000e-08  1.53761590e+00 
 4.47750000e-08  1.64327063e+00 
 4.48250000e-08  1.75056224e+00 
 4.48750000e-08  1.85929145e+00 
 4.49250000e-08  1.96920702e+00 
 4.49750000e-08  2.07999414e+00 
 4.50250000e-08  2.19126939e+00 
 4.50750000e-08  2.30258308e+00 
 4.51250000e-08  2.41342937e+00 
 4.51750000e-08  2.52326361e+00 
 4.52250000e-08  2.63152541e+00 
 4.52750000e-08  2.73766562e+00 
 4.53250000e-08  2.84117485e+00 
 4.53750000e-08  2.94161066e+00 
 4.54250000e-08  3.03862123e+00 
 4.54750000e-08  3.13196302e+00 
 4.55250000e-08  3.22151079e+00 
 4.55750000e-08  3.30725918e+00 
 4.56250000e-08  3.38931553e+00 
 4.56750000e-08  3.46788467e+00 
 4.57250000e-08  3.54324723e+00 
 4.57750000e-08  3.61573333e+00 
 4.58250000e-08  3.68569419e+00 
 4.58750000e-08  3.75347415e+00 
 4.59250000e-08  3.81938562e+00 
 4.59750000e-08  3.88368894e+00 
 4.60250000e-08  3.94657888e+00 
 4.60750000e-08  4.00817838e+00 
 4.61250000e-08  4.06853991e+00 
 4.61750000e-08  4.12765362e+00 
 4.62250000e-08  4.18546119e+00 
 4.62750000e-08  4.24187347e+00 
 4.63250000e-08  4.29679014e+00 
 4.63750000e-08  4.35011895e+00 
 4.64250000e-08  4.40179294e+00 
 4.64750000e-08  4.45178384e+00 
 4.65250000e-08  4.50011051e+00 
 4.65750000e-08  4.54684196e+00 
 4.66250000e-08  4.59209498e+00 
 4.66750000e-08  4.63602688e+00 
 4.67250000e-08  4.67882445e+00 
 4.67750000e-08  4.72069051e+00 
 4.68250000e-08  4.76182950e+00 
 4.68750000e-08  4.80243369e+00 
 4.69250000e-08  4.84267113e+00 
 4.69750000e-08  4.88267664e+00 
 4.70250000e-08  4.92254610e+00 
 4.70750000e-08  4.96233458e+00 
 4.71250000e-08  5.00205780e+00 
 4.71750000e-08  5.04169656e+00 
 4.72250000e-08  5.08120319e+00 
 4.72750000e-08  5.12050913e+00 
 4.73250000e-08  5.15953268e+00 
 4.73750000e-08  5.19818601e+00 
 4.74250000e-08  5.23638076e+00 
 4.74750000e-08  5.27403194e+00 
 4.75250000e-08  5.31105984e+00 
 4.75750000e-08  5.34739020e+00 
 4.76250000e-08  5.38295305e+00 
 4.76750000e-08  5.41768070e+00 
 4.77250000e-08  5.45150543e+00 
 4.77750000e-08  5.48435763e+00 
 4.78250000e-08  5.51616474e+00 
 4.78750000e-08  5.54685124e+00 
 4.79250000e-08  5.57633998e+00 
 4.79750000e-08  5.60455454e+00 
 4.80250000e-08  5.63142242e+00 
 4.80750000e-08  5.65687861e+00 
 4.81250000e-08  5.68086894e+00 
 4.81750000e-08  5.70335277e+00 
 4.82250000e-08  5.72430452e+00 
 4.82750000e-08  5.74371381e+00 
 4.83250000e-08  5.76158409e+00 
 4.83750000e-08  5.77792980e+00 
 4.84250000e-08  5.79277250e+00 
 4.84750000e-08  5.80613641e+00 
 4.85250000e-08  5.81804396e+00 
 4.85750000e-08  5.82851191e+00 
 4.86250000e-08  5.83754884e+00 
 4.86750000e-08  5.84515423e+00 
 4.87250000e-08  5.85131956e+00 
 4.87750000e-08  5.85603134e+00 
 4.88250000e-08  5.85927602e+00 
 4.88750000e-08  5.86104602e+00 
 4.89250000e-08  5.86134658e+00 
 4.89750000e-08  5.86020231e+00 
 4.90250000e-08  5.85766275e+00 
 4.90750000e-08  5.85380625e+00 
 4.91250000e-08  5.84874125e+00 
 4.91750000e-08  5.84260491e+00 
 4.92250000e-08  5.83555868e+00 
 4.92750000e-08  5.82778116e+00 
 4.93250000e-08  5.81945876e+00 
 4.93750000e-08  5.81077479e+00 
 4.94250000e-08  5.80189820e+00 
 4.94750000e-08  5.79297279e+00 
 4.95250000e-08  5.78410817e+00 
 4.95750000e-08  5.77537328e+00 
 4.96250000e-08  5.76679325e+00 
 4.96750000e-08  5.75835001e+00 
 4.97250000e-08  5.74998678e+00 
 4.97750000e-08  5.74161594e+00 
 4.98250000e-08  5.73312977e+00 
 4.98750000e-08  5.72441306e+00 
 4.99250000e-08  5.71535626e+00 
 4.99750000e-08  5.70586817e+00 
 5.00250000e-08  5.69588667e+00 
 5.00750000e-08  5.68538657e+00 
 5.01250000e-08  5.67438380e+00 
 5.01750000e-08  5.66293541e+00 
 5.02250000e-08  5.65113544e+00 
 5.02750000e-08  5.63910699e+00 
 5.03250000e-08  5.62699136e+00 
 5.03750000e-08  5.61493514e+00 
 5.04250000e-08  5.60307677e+00 
 5.04750000e-08  5.59153369e+00 
 5.05250000e-08  5.58039150e+00 
 5.05750000e-08  5.56969610e+00 
 5.06250000e-08  5.55944964e+00 
 5.06750000e-08  5.54961071e+00 
 5.07250000e-08  5.54009853e+00 
 5.07750000e-08  5.53080098e+00 
 5.08250000e-08  5.52158531e+00 
 5.08750000e-08  5.51231071e+00 
 5.09250000e-08  5.50284133e+00 
 5.09750000e-08  5.49305841e+00 
 5.10250000e-08  5.48287047e+00 
 5.10750000e-08  5.47222046e+00 
 5.11250000e-08  5.46108934e+00 
 5.11750000e-08  5.44949581e+00 
 5.12250000e-08  5.43749227e+00 
 5.12750000e-08  5.42515770e+00 
 5.13250000e-08  5.41258824e+00 
 5.13750000e-08  5.39988654e+00 
 5.14250000e-08  5.38715103e+00 
 5.14750000e-08  5.37446639e+00 
 5.15250000e-08  5.36189594e+00 
 5.15750000e-08  5.34947702e+00 
 5.16250000e-08  5.33721939e+00 
 5.16750000e-08  5.32510696e+00 
 5.17250000e-08  5.31310234e+00 
 5.17750000e-08  5.30115364e+00 
 5.18250000e-08  5.28920273e+00 
 5.18750000e-08  5.27719374e+00 
 5.19250000e-08  5.26508110e+00 
 5.19750000e-08  5.25283598e+00 
 5.20250000e-08  5.24045062e+00 
 5.20750000e-08  5.22794006e+00 
 5.21250000e-08  5.21534121e+00 
 5.21750000e-08  5.20270948e+00 
 5.22250000e-08  5.19011349e+00 
 5.22750000e-08  5.17762855e+00 
 5.23250000e-08  5.16532973e+00 
 5.23750000e-08  5.15328532e+00 
 5.24250000e-08  5.14155156e+00 
 5.24750000e-08  5.13016892e+00 
 5.25250000e-08  5.11916068e+00 
 5.25750000e-08  5.10853336e+00 
 5.26250000e-08  5.09827929e+00 
 5.26750000e-08  5.08838045e+00 
 5.27250000e-08  5.07881327e+00 
 5.27750000e-08  5.06955357e+00 
 5.28250000e-08  5.06058091e+00 
 5.28750000e-08  5.05188193e+00 
 5.29250000e-08  5.04345210e+00 
 5.29750000e-08  5.03529576e+00 
 5.30250000e-08  5.02742456e+00 
 5.30750000e-08  5.01985448e+00 
 5.31250000e-08  5.01260197e+00 
 5.31750000e-08  5.00567979e+00 
 5.32250000e-08  4.99909320e+00 
 5.32750000e-08  4.99283710e+00 
 5.33250000e-08  4.98689455e+00 
 5.33750000e-08  4.98123701e+00 
 5.34250000e-08  4.97582628e+00 
 5.34750000e-08  4.97061805e+00 
 5.35250000e-08  4.96556651e+00 
 5.35750000e-08  4.96062961e+00 
 5.36250000e-08  4.95577412e+00 
 5.36750000e-08  4.95098000e+00 
 5.37250000e-08  4.94624333e+00 
 5.37750000e-08  4.94157737e+00 
 5.38250000e-08  4.93701164e+00 
 5.38750000e-08  4.93258890e+00 
 5.39250000e-08  4.92836034e+00 
 5.39750000e-08  4.92437959e+00 
 5.40250000e-08  4.92069602e+00 
 5.40750000e-08  4.91734832e+00 
 5.41250000e-08  4.91435893e+00 
 5.41750000e-08  4.91173016e+00 
 5.42250000e-08  4.90944233e+00 
 5.42750000e-08  4.90745441e+00 
 5.43250000e-08  4.90570696e+00 
 5.43750000e-08  4.90412724e+00 
 5.44250000e-08  4.90263592e+00 
 5.44750000e-08  4.90115470e+00 
 5.45250000e-08  4.89961398e+00 
 5.45750000e-08  4.89795980e+00 
 5.46250000e-08  4.89615931e+00 
 5.46750000e-08  4.89420411e+00 
 5.47250000e-08  4.89211106e+00 
 5.47750000e-08  4.88992059e+00 
 5.48250000e-08  4.88769256e+00 
 5.48750000e-08  4.88550016e+00 
 5.49250000e-08  4.88342250e+00 
 5.49750000e-08  4.88153662e+00 
 5.50250000e-08  4.87990983e+00 
 5.50750000e-08  4.87859316e+00 
 5.51250000e-08  4.87761654e+00 
 5.51750000e-08  4.87698620e+00 
 5.52250000e-08  4.87668465e+00 
 5.52750000e-08  4.87667297e+00 
 5.53250000e-08  4.87689532e+00 
 5.53750000e-08  4.87728507e+00 
 5.54250000e-08  4.87777188e+00 
 5.54750000e-08  4.87828903e+00 
 5.55250000e-08  4.87878010e+00 
 5.55750000e-08  4.87920445e+00 
 5.56250000e-08  4.87954094e+00 
 5.56750000e-08  4.87978940e+00 
 5.57250000e-08  4.87997006e+00 
 5.57750000e-08  4.88012064e+00 
 5.58250000e-08  4.88029188e+00 
 5.58750000e-08  4.88054175e+00 
 5.59250000e-08  4.88092902e+00 
 5.59750000e-08  4.88150703e+00 
 5.60250000e-08  4.88231800e+00 
 5.60750000e-08  4.88338884e+00 
 5.61250000e-08  4.88472843e+00 
 5.61750000e-08  4.88632696e+00 
 5.62250000e-08  4.88815707e+00 
 5.62750000e-08  4.89017680e+00 
 5.63250000e-08  4.89233379e+00 
 5.63750000e-08  4.89457050e+00 
 5.64250000e-08  4.89682966e+00 
 5.64750000e-08  4.89905945e+00 
 5.65250000e-08  4.90121801e+00 
 5.65750000e-08  4.90327664e+00 
 5.66250000e-08  4.90522158e+00 
 5.66750000e-08  4.90705417e+00 
 5.67250000e-08  4.90878952e+00 
 5.67750000e-08  4.91045375e+00 
 5.68250000e-08  4.91208034e+00 
 5.68750000e-08  4.91370585e+00 
 5.69250000e-08  4.91536564e+00 
 5.69750000e-08  4.91708992e+00 
 5.70250000e-08  4.91890055e+00 
 5.70750000e-08  4.92080906e+00 
 5.71250000e-08  4.92281576e+00 
 5.71750000e-08  4.92491026e+00 
 5.72250000e-08  4.92707312e+00 
 5.72750000e-08  4.92927841e+00 
 5.73250000e-08  4.93149689e+00 
 5.73750000e-08  4.93369940e+00 
 5.74250000e-08  4.93586004e+00 
 5.74750000e-08  4.93795882e+00 
 5.75250000e-08  4.93998347e+00 
 5.75750000e-08  4.94193021e+00 
 5.76250000e-08  4.94380346e+00 
 5.76750000e-08  4.94561458e+00 
 5.77250000e-08  4.94737971e+00 
 5.77750000e-08  4.94911724e+00 
 5.78250000e-08  4.95084494e+00 
 5.78750000e-08  4.95257735e+00 
 5.79250000e-08  4.95432371e+00 
 5.79750000e-08  4.95608659e+00 
 5.80250000e-08  4.95786152e+00 
 5.80750000e-08  4.95963764e+00 
 5.81250000e-08  4.96139917e+00 
 5.81750000e-08  4.96312770e+00 
 5.82250000e-08  4.96480490e+00 
 5.82750000e-08  4.96641523e+00 
 5.83250000e-08  4.96794852e+00 
 5.83750000e-08  4.96940179e+00 
 5.84250000e-08  4.97078026e+00 
 5.84750000e-08  4.97209733e+00 
 5.85250000e-08  4.97337340e+00 
 5.85750000e-08  4.97463383e+00 
 5.86250000e-08  4.97590600e+00 
 5.86750000e-08  4.97721608e+00 
 5.87250000e-08  4.97858566e+00 
 5.87750000e-08  4.98002885e+00 
 5.88250000e-08  4.98155003e+00 
 5.88750000e-08  4.98314277e+00 
 5.89250000e-08  4.98478991e+00 
 5.89750000e-08  4.98646495e+00 
 5.90250000e-08  4.98813458e+00 
 5.90750000e-08  4.98976216e+00 
 5.91250000e-08  4.99131171e+00 
 5.91750000e-08  4.99275192e+00 
 5.92250000e-08  4.99405990e+00 
 5.92750000e-08  4.99522394e+00 
 5.93250000e-08  4.99624519e+00 
 5.93750000e-08  4.99713786e+00 
 5.94250000e-08  4.99792795e+00 
 5.94750000e-08  4.99865056e+00 
 5.95250000e-08  4.99934616e+00 
 5.95750000e-08  5.00005609e+00 
 5.96250000e-08  5.00081791e+00 
 5.96750000e-08  5.00166097e+00 
 5.97250000e-08  5.00260299e+00 
 5.97750000e-08  5.00364772e+00 
 5.98250000e-08  5.00478422e+00 
 5.98750000e-08  5.00598782e+00 
 5.99250000e-08  5.00722256e+00 
 5.99750000e-08  5.00844499e+00 
 6.00250000e-08  5.00960890e+00 
 6.00750000e-08  5.01067031e+00 
 6.01250000e-08  5.01159239e+00 
 6.01750000e-08  5.01234958e+00 
 6.02250000e-08  5.01293043e+00 
 6.02750000e-08  5.01333900e+00 
 6.03250000e-08  5.01359447e+00 
 6.03750000e-08  5.01372909e+00 
 6.04250000e-08  5.01378470e+00 
 6.04750000e-08  5.01380818e+00 
 6.05250000e-08  5.01384637e+00 
 6.05750000e-08  5.01394103e+00 
 6.06250000e-08  5.01412439e+00 
 6.06750000e-08  5.01441580e+00 
 6.07250000e-08  5.01481983e+00 
 6.07750000e-08  5.01532609e+00 
 6.08250000e-08  5.01591065e+00 
 6.08750000e-08  5.01653897e+00 
 6.09250000e-08  5.01716995e+00 
 6.09750000e-08  5.01776070e+00 
 6.10250000e-08  5.01827128e+00 
 6.10750000e-08  5.01866914e+00 
 6.11250000e-08  5.01893257e+00 
 6.11750000e-08  5.01905286e+00 
 6.12250000e-08  5.01903492e+00 
 6.12750000e-08  5.01889641e+00 
 6.13250000e-08  5.01866541e+00 
 6.13750000e-08  5.01837704e+00 
 6.14250000e-08  5.01806930e+00 
 6.14625000e-08  5.01784719e+00 
 6.15000000e-08  5.01764894e+00 
 6.15050000e-08  5.01762519e+00 
 6.15150000e-08  5.01757903e+00 
 6.15350000e-08  5.01749537e+00 
 6.15631944e-08  5.01739866e+00 
 6.16131944e-08  5.01729302e+00 
 6.16631944e-08  5.01727206e+00 
 6.17131944e-08  5.01732774e+00 
 6.17631944e-08  5.01744237e+00 
 6.18131944e-08  5.01759128e+00 
 6.18631944e-08  5.01774603e+00 
 6.19131944e-08  5.01787804e+00 
 6.19631944e-08  5.01796200e+00 
 6.20131944e-08  5.01797873e+00 
 6.20631944e-08  5.01791706e+00 
 6.21131944e-08  5.01777468e+00 
 6.21631944e-08  5.01755759e+00 
 6.22131944e-08  5.01727839e+00 
 6.22631944e-08  5.01695336e+00 
 6.23131944e-08  5.01659866e+00 
 6.23631944e-08  5.01622578e+00 
 6.24131944e-08  5.01583668e+00 
 6.24631944e-08  5.01541868e+00 
 6.25131944e-08  5.01493950e+00 
 6.25631944e-08  5.01434251e+00 
 6.26131944e-08  5.01354242e+00 
 6.26631944e-08  5.01242147e+00 
 6.27131944e-08  5.01082624e+00 
 6.27631944e-08  5.00856528e+00 
 6.28131944e-08  5.00540760e+00 
 6.28631944e-08  5.00108236e+00 
 6.29131944e-08  4.99527994e+00 
 6.29565972e-08  4.98878528e+00 
 6.30000000e-08  4.98067282e+00 
 6.30050000e-08  4.97961246e+00 
 6.30150000e-08  4.97744031e+00 
 6.30350000e-08  4.97277746e+00 
 6.30750000e-08  4.96207665e+00 
 6.31250000e-08  4.94585591e+00 
 6.31750000e-08  4.92609623e+00 
 6.32250000e-08  4.90238968e+00 
 6.32750000e-08  4.87435520e+00 
 6.33250000e-08  4.84165348e+00 
 6.33750000e-08  4.80400140e+00 
 6.34250000e-08  4.76118466e+00 
 6.34750000e-08  4.71306774e+00 
 6.35250000e-08  4.65960020e+00 
 6.35750000e-08  4.60081854e+00 
 6.36250000e-08  4.53684326e+00 
 6.36750000e-08  4.46787109e+00 
 6.37250000e-08  4.39416282e+00 
 6.37750000e-08  4.31602768e+00 
 6.38250000e-08  4.23380537e+00 
 6.38750000e-08  4.14784751e+00 
 6.39250000e-08  4.05849995e+00 
 6.39750000e-08  3.96608783e+00 
 6.40250000e-08  3.87090465e+00 
 6.40750000e-08  3.77320665e+00 
 6.41250000e-08  3.67321291e+00 
 6.41750000e-08  3.57111129e+00 
 6.42250000e-08  3.46706954e+00 
 6.42750000e-08  3.36125043e+00 
 6.43250000e-08  3.25382904e+00 
 6.43750000e-08  3.14501046e+00 
 6.44250000e-08  3.03504544e+00 
 6.44750000e-08  2.92424227e+00 
 6.45250000e-08  2.81297288e+00 
 6.45750000e-08  2.70167226e+00 
 6.46250000e-08  2.59083048e+00 
 6.46750000e-08  2.48097770e+00 
 6.47250000e-08  2.37266307e+00 
 6.47750000e-08  2.26642937e+00 
 6.48250000e-08  2.16278532e+00 
 6.48750000e-08  2.06217841e+00 
 6.49250000e-08  1.96497056e+00 
 6.49750000e-08  1.87141894e+00 
 6.50250000e-08  1.78166414e+00 
 6.50750000e-08  1.69572647e+00 
 6.51250000e-08  1.61351121e+00 
 6.51750000e-08  1.53482212e+00 
 6.52250000e-08  1.45938223e+00 
 6.52750000e-08  1.38685971e+00 
 6.53250000e-08  1.31689670e+00 
 6.53750000e-08  1.24913829e+00 
 6.54250000e-08  1.18325910e+00 
 6.54750000e-08  1.11898516e+00 
 6.55250000e-08  1.05610923e+00 
 6.55750000e-08  9.94498499e-01 
 6.56250000e-08  9.34094423e-01 
 6.56750000e-08  8.74905035e-01 
 6.57250000e-08  8.16991075e-01 
 6.57750000e-08  7.60447659e-01 
 6.58250000e-08  7.05383646e-01 
 6.58750000e-08  6.51900969e-01 
 6.59250000e-08  6.00076088e-01 
 6.59750000e-08  5.49945366e-01 
 6.60250000e-08  5.01495664e-01 
 6.60750000e-08  4.54660821e-01 
 6.61250000e-08  4.09324027e-01 
 6.61750000e-08  3.65325461e-01 
 6.62250000e-08  3.22474053e-01 
 6.62750000e-08  2.80561878e-01 
 6.63250000e-08  2.39379503e-01 
 6.63750000e-08  1.98730642e-01 
 6.64250000e-08  1.58444685e-01 
 6.64750000e-08  1.18386022e-01 
 6.65250000e-08  7.84595222e-02 
 6.65750000e-08  3.86120371e-02 
 6.66250000e-08 -1.16976770e-03 
 6.66750000e-08 -4.08645437e-02 
 6.67250000e-08 -8.04233905e-02 
 6.67750000e-08 -1.19777900e-01 
 6.68250000e-08 -1.58848049e-01 
 6.68750000e-08 -1.97549039e-01 
 6.69250000e-08 -2.35796426e-01 
 6.69750000e-08 -2.73509229e-01 
 6.70250000e-08 -3.10611010e-01 
 6.70750000e-08 -3.47029235e-01 
 6.71250000e-08 -3.82693454e-01 
 6.71750000e-08 -4.17532970e-01 
 6.72250000e-08 -4.51474672e-01 
 6.72750000e-08 -4.84441651e-01 
 6.73250000e-08 -5.16353007e-01 
 6.73750000e-08 -5.47125055e-01 
 6.74250000e-08 -5.76673844e-01 
 6.74750000e-08 -6.04918709e-01 
 6.75250000e-08 -6.31786337e-01 
 6.75750000e-08 -6.57214752e-01 
 6.76250000e-08 -6.81156598e-01 
 6.76750000e-08 -7.03581174e-01 
 6.77250000e-08 -7.24474840e-01 
 6.77750000e-08 -7.43839638e-01 
 6.78250000e-08 -7.61690235e-01 
 6.78750000e-08 -7.78049521e-01 
 6.79250000e-08 -7.92943424e-01 
 6.79750000e-08 -8.06395638e-01 
 6.80250000e-08 -8.18422983e-01 
 6.80750000e-08 -8.29032117e-01 
 6.81250000e-08 -8.38218108e-01 
 6.81750000e-08 -8.45965222e-01 
 6.82250000e-08 -8.52249967e-01 
 6.82750000e-08 -8.57046152e-01 
 6.83250000e-08 -8.60331485e-01 
 6.83750000e-08 -8.62094965e-01 
 6.84250000e-08 -8.62344232e-01 
 6.84750000e-08 -8.61111973e-01 
 6.85250000e-08 -8.58460557e-01 
 6.85750000e-08 -8.54484225e-01 
 6.86250000e-08 -8.49308410e-01 
 6.86750000e-08 -8.43086055e-01 
 6.87250000e-08 -8.35991109e-01 
 6.87750000e-08 -8.28209691e-01 
 6.88250000e-08 -8.19929667e-01 
 6.88750000e-08 -8.11329573e-01 
 6.89250000e-08 -8.02567888e-01 
 6.89750000e-08 -7.93773687e-01 
 6.90250000e-08 -7.85039532e-01 
 6.90750000e-08 -7.76417314e-01 
 6.91250000e-08 -7.67917449e-01 
 6.91750000e-08 -7.59511516e-01 
 6.92250000e-08 -7.51138136e-01 
 6.92750000e-08 -7.42711546e-01 
 6.93250000e-08 -7.34132109e-01 
 6.93750000e-08 -7.25297797e-01 
 6.94250000e-08 -7.16115622e-01 
 6.94750000e-08 -7.06511982e-01 
 6.95250000e-08 -6.96441001e-01 
 6.95750000e-08 -6.85890133e-01 
 6.96250000e-08 -6.74882551e-01 
 6.96750000e-08 -6.63476130e-01 
 6.97250000e-08 -6.51759149e-01 
 6.97750000e-08 -6.39843135e-01 
 6.98250000e-08 -6.27853511e-01 
 6.98750000e-08 -6.15918911e-01 
 6.99250000e-08 -6.04160156e-01 
 6.99750000e-08 -5.92679862e-01 
 7.00250000e-08 -5.81553645e-01 
 7.00750000e-08 -5.70823700e-01 
 7.01250000e-08 -5.60495319e-01 
 7.01750000e-08 -5.50536657e-01 
 7.02250000e-08 -5.40881738e-01 
 7.02750000e-08 -5.31436430e-01 
 7.03250000e-08 -5.22086802e-01 
 7.03750000e-08 -5.12709107e-01 
 7.04250000e-08 -5.03180461e-01 
 7.04750000e-08 -4.93389238e-01 
 7.05250000e-08 -4.83244233e-01 
 7.05750000e-08 -4.72681771e-01 
 7.06250000e-08 -4.61670137e-01 
 7.06750000e-08 -4.50210969e-01 
 7.07250000e-08 -4.38337538e-01 
 7.07750000e-08 -4.26110167e-01 
 7.08250000e-08 -4.13609289e-01 
 7.08750000e-08 -4.00926891e-01 
 7.09250000e-08 -3.88157235e-01 
 7.09750000e-08 -3.75387807e-01 
 7.10250000e-08 -3.62691399e-01 
 7.10750000e-08 -3.50120117e-01 
 7.11250000e-08 -3.37701868e-01 
 7.11750000e-08 -3.25439637e-01 
 7.12250000e-08 -3.13313537e-01 
 7.12750000e-08 -3.01285333e-01 
 7.13250000e-08 -2.89304885e-01 
 7.13750000e-08 -2.77317741e-01 
 7.14250000e-08 -2.65273014e-01 
 7.14750000e-08 -2.53130657e-01 
 7.15250000e-08 -2.40867338e-01 
 7.15750000e-08 -2.28480297e-01 
 7.16250000e-08 -2.15988796e-01 
 7.16750000e-08 -2.03433073e-01 
 7.17250000e-08 -1.90870994e-01 
 7.17750000e-08 -1.78372842e-01 
 7.18250000e-08 -1.66014915e-01 
 7.18750000e-08 -1.53872704e-01 
 7.19250000e-08 -1.42014443e-01 
 7.19750000e-08 -1.30495788e-01 
 7.20250000e-08 -1.19356164e-01 
 7.20750000e-08 -1.08617156e-01 
 7.21250000e-08 -9.82830088e-02 
 7.21750000e-08 -8.83430659e-02 
 7.22250000e-08 -7.87757144e-02 
 7.22750000e-08 -6.95532468e-02 
 7.23250000e-08 -6.06469376e-02 
 7.23750000e-08 -5.20316400e-02 
 7.24250000e-08 -4.36892893e-02 
 7.24750000e-08 -3.56108733e-02 
 7.25250000e-08 -2.77966540e-02 
 7.25750000e-08 -2.02546770e-02 
 7.26250000e-08 -1.29978518e-02 
 7.26750000e-08 -6.04008646e-03 
 7.27250000e-08  6.07897613e-04 
 7.27750000e-08  6.94240275e-03 
 7.28250000e-08  1.29696153e-02 
 7.28750000e-08  1.87069972e-02 
 7.29250000e-08  2.41829219e-02 
 7.29750000e-08  2.94345148e-02 
 7.30250000e-08  3.45039219e-02 
 7.30750000e-08  3.94334632e-02 
 7.31250000e-08  4.42603071e-02 
 7.31750000e-08  4.90113982e-02 
 7.32250000e-08  5.36993678e-02 
 7.32750000e-08  5.83200587e-02 
 7.33250000e-08  6.28521017e-02 
 7.33750000e-08  6.72587308e-02 
 7.34250000e-08  7.14917319e-02 
 7.34750000e-08  7.54971367e-02 
 7.35250000e-08  7.92220287e-02 
 7.35750000e-08  8.26216590e-02 
 7.36250000e-08  8.56659945e-02 
 7.36750000e-08  8.83448606e-02 
 7.37250000e-08  9.06709820e-02 
 7.37750000e-08  9.26804614e-02 
 7.38250000e-08  9.44305333e-02 
 7.38750000e-08  9.59947594e-02 
 7.39250000e-08  9.74561414e-02 
 7.39750000e-08  9.88988927e-02 
 7.40250000e-08  1.00399785e-01 
 7.40750000e-08  1.02020058e-01 
 7.41250000e-08  1.03798825e-01 
 7.41750000e-08  1.05748763e-01 
 7.42250000e-08  1.07854594e-01 
 7.42750000e-08  1.10074572e-01 
 7.43250000e-08  1.12344834e-01 
 7.43750000e-08  1.14586131e-01 
 7.44250000e-08  1.16712216e-01 
 7.44750000e-08  1.18638928e-01 
 7.45250000e-08  1.20292981e-01 
 7.45750000e-08  1.21619483e-01 
 7.46250000e-08  1.22587361e-01 
 7.46750000e-08  1.23192124e-01 
 7.47250000e-08  1.23455697e-01 
 7.47750000e-08  1.23423403e-01 
 7.48250000e-08  1.23158484e-01 
 7.48750000e-08  1.22734810e-01 
 7.49250000e-08  1.22228657e-01 
 7.49750000e-08  1.21710461e-01 
 7.50250000e-08  1.21237477e-01 
 7.50750000e-08  1.20848133e-01 
 7.51250000e-08  1.20558634e-01 
 7.51750000e-08  1.20362141e-01 
 7.52250000e-08  1.20230501e-01 
 7.52750000e-08  1.20118254e-01 
 7.53250000e-08  1.19968389e-01 
 7.53750000e-08  1.19719135e-01 
 7.54250000e-08  1.19310995e-01 
 7.54750000e-08  1.18693254e-01 
 7.55250000e-08  1.17829246e-01 
 7.55750000e-08  1.16699896e-01 
 7.56250000e-08  1.15305209e-01 
 7.56750000e-08  1.13663673e-01 
 7.57250000e-08  1.11809760e-01 
 7.57750000e-08  1.09789889e-01 
 7.58250000e-08  1.07657407e-01 
 7.58750000e-08  1.05467173e-01 
 7.59250000e-08  1.03270376e-01 
 7.59750000e-08  1.01110109e-01 
 7.60250000e-08  9.90181260e-02 
 7.60750000e-08  9.70130495e-02 
 7.61250000e-08  9.51000797e-02 
 7.61750000e-08  9.32721282e-02 
 7.62250000e-08  9.15121162e-02 
 7.62750000e-08  8.97960854e-02 
 7.63250000e-08  8.80967040e-02 
 7.63750000e-08  8.63867483e-02 
 7.64250000e-08  8.46421815e-02 
 7.64750000e-08  8.28445365e-02 
 7.65250000e-08  8.09824135e-02 
 7.65750000e-08  7.90520287e-02 
 7.66250000e-08  7.70568599e-02 
 7.66750000e-08  7.50065346e-02 
 7.67250000e-08  7.29151778e-02 
 7.67750000e-08  7.07994691e-02 
 7.68250000e-08  6.86766683e-02 
 7.68750000e-08  6.65628377e-02 
 7.69250000e-08  6.44714408e-02 
 7.69750000e-08  6.24124331e-02 
 7.70250000e-08  6.03918858e-02 
 7.70750000e-08  5.84121219e-02 
 7.71250000e-08  5.64722814e-02 
 7.71750000e-08  5.45691964e-02 
 7.72250000e-08  5.26984330e-02 
 7.72750000e-08  5.08553537e-02 
 7.73250000e-08  4.90360665e-02 
 7.73750000e-08  4.72381558e-02 
 7.74250000e-08  4.54611199e-02 
 7.74750000e-08  4.37064831e-02 
 7.75250000e-08  4.19775837e-02 
 7.75750000e-08  4.02790787e-02 
 7.76250000e-08  3.86162280e-02 
 7.76750000e-08  3.69940461e-02 
 7.77250000e-08  3.54164190e-02 
 7.77750000e-08  3.38852873e-02 
 7.78250000e-08  3.23999935e-02 
 7.78750000e-08  3.09568758e-02 
 7.79250000e-08  2.95491737e-02 
 7.79750000e-08  2.81672829e-02 
 7.80250000e-08  2.67993650e-02 
 7.80750000e-08  2.54322839e-02 
 7.81250000e-08  2.40528035e-02 
 7.81750000e-08  2.26489481e-02 
 7.82250000e-08  2.12113979e-02 
 7.82750000e-08  1.97347734e-02 
 7.83250000e-08  1.82186579e-02 
 7.83750000e-08  1.66682154e-02 
 7.84250000e-08  1.50942905e-02 
 7.84750000e-08  1.35129192e-02 
 7.85250000e-08  1.19442403e-02 
 7.85750000e-08  1.04108588e-02 
 7.86250000e-08  8.93578780e-03 
 7.86750000e-08  7.54015097e-03 
 7.87250000e-08  6.24088052e-03 
 7.87750000e-08  5.04866683e-03 
 7.88250000e-08  3.96641438e-03 
 7.88750000e-08  2.98842361e-03 
 7.89250000e-08  2.10045402e-03 
 7.89750000e-08  1.28073491e-03 
 7.90250000e-08  5.01884253e-04 
 7.90750000e-08 -2.66413536e-04 
 7.91250000e-08 -1.05422141e-03 
 7.91750000e-08 -1.88798467e-03 
 7.92250000e-08 -2.78736186e-03 
 7.92750000e-08 -3.76262935e-03 
 7.93250000e-08 -4.81299502e-03 
 7.93750000e-08 -5.92607029e-03 
 7.94250000e-08 -7.07862841e-03 
 7.94750000e-08 -8.23863162e-03 
 7.95250000e-08 -9.36835941e-03 
 7.95750000e-08 -1.04283307e-02 
 7.96250000e-08 -1.13816032e-02 
 7.96750000e-08 -1.21979698e-02 
 7.97250000e-08 -1.28575608e-02 
 7.97750000e-08 -1.33534123e-02 
 7.98250000e-08 -1.36926649e-02 
 7.98750000e-08 -1.38962058e-02 
 7.99250000e-08 -1.39967464e-02 
 7.99750000e-08 -1.40355117e-02 
 8.00250000e-08 -1.40578878e-02 
 8.00750000e-08 -1.41085062e-02 
 8.01250000e-08 -1.42263239e-02 
 8.01750000e-08 -1.44402704e-02 
 8.02250000e-08 -1.47659780e-02 
 8.02750000e-08 -1.52039945e-02 
 8.03250000e-08 -1.57397048e-02 
 8.03750000e-08 -1.63449921e-02 
 8.04250000e-08 -1.69814577e-02 
 8.04750000e-08 -1.76048371e-02 
 8.05250000e-08 -1.81700967e-02 
 8.05750000e-08 -1.86366167e-02 
 8.06250000e-08 -1.89728494e-02 
 8.06750000e-08 -1.91599023e-02 
 8.07250000e-08 -1.91936267e-02 
 8.07750000e-08 -1.90849691e-02 
 8.08250000e-08 -1.88585547e-02 
 8.08750000e-08 -1.85496851e-02 
 8.09250000e-08 -1.82001240e-02 
 8.09750000e-08 -1.78531886e-02 
 8.10250000e-08 -1.75487455e-02 
 8.10750000e-08 -1.73187153e-02 
 8.11250000e-08 -1.71836208e-02 
 8.11750000e-08 -1.71505816e-02 
 8.12250000e-08 -1.72129699e-02 
 8.12750000e-08 -1.73517390e-02 
 8.13250000e-08 -1.75382248e-02 
 8.13750000e-08 -1.77380428e-02 
 8.14250000e-08 -1.79155721e-02 
 8.14750000e-08 -1.80384538e-02 
 8.15250000e-08 -1.80815409e-02 
 8.15750000e-08 -1.80298159e-02 
 8.16250000e-08 -1.78799339e-02 
 8.16750000e-08 -1.76402303e-02 
 8.17250000e-08 -1.73292301e-02 
 8.17750000e-08 -1.69728903e-02 
 8.18250000e-08 -1.66009601e-02 
 8.18750000e-08 -1.62429538e-02 
 8.19250000e-08 -1.59242675e-02 
 8.19625000e-08 -1.57220918e-02 
 8.20000000e-08 -1.55569666e-02 
 8.20050000e-08 -1.55381899e-02 
 8.20150000e-08 -1.55019982e-02 
 8.20350000e-08 -1.54376304e-02 
 8.20628940e-08 -1.53647605e-02 
 8.21046974e-08 -1.52873337e-02 
 8.21546974e-08 -1.52308447e-02 
 8.22046974e-08 -1.51918702e-02 
 8.22546974e-08 -1.51441188e-02 
 8.23046974e-08 -1.50619466e-02 
 8.23546974e-08 -1.49238720e-02 
 8.24046974e-08 -1.47154757e-02 
 8.24546974e-08 -1.44313067e-02 
 8.25046974e-08 -1.40755446e-02 
 8.25546974e-08 -1.36613244e-02 
 8.26046974e-08 -1.32087935e-02 
 8.26546974e-08 -1.27421105e-02 
 8.27046974e-08 -1.22857011e-02 
 8.27546974e-08 -1.18601363e-02 
 8.28046974e-08 -1.14779935e-02 
 8.28546974e-08 -1.11400029e-02 
 8.29046974e-08 -1.08316810e-02 
 8.29546974e-08 -1.05205296e-02 
 8.30046974e-08 -1.01537571e-02 
 8.30546974e-08 -9.65637753e-03 
 8.31046974e-08 -8.92948726e-03 
 8.31546974e-08 -7.84851736e-03 
 8.32046974e-08 -6.26131861e-03 
 8.32546974e-08 -3.98605031e-03 
 8.33046974e-08 -8.08995796e-04 
 8.33546974e-08  3.51740607e-03 
 8.34046974e-08  9.27587116e-03 
 8.34546974e-08  1.67843710e-02 
 8.35000000e-08  2.53867415e-02 
 8.35050000e-08  2.64636653e-02 
 8.35150000e-08  2.86678996e-02 
 8.35350000e-08  3.33883679e-02 
 8.35750000e-08  4.41757656e-02 
 8.36250000e-08  6.04474008e-02 
 8.36750000e-08  8.01937382e-02 
 8.37250000e-08  1.03828358e-01 
 8.37750000e-08  1.31744047e-01 
 8.38250000e-08  1.64296201e-01 
 8.38750000e-08  2.01786329e-01 
 8.39250000e-08  2.44447022e-01 
 8.39750000e-08  2.92429744e-01 
 8.40250000e-08  3.45796679e-01 
 8.40750000e-08  4.04517591e-01 
 8.41250000e-08  4.68472252e-01 
 8.41750000e-08  5.37458472e-01 
 8.42250000e-08  6.11205248e-01 
 8.42750000e-08  6.89389982e-01 
 8.43250000e-08  7.71658314e-01 
 8.43750000e-08  8.57644737e-01 
 8.44250000e-08  9.46992059e-01 
 8.44750000e-08  1.03936781e+00 
 8.45250000e-08  1.13447596e+00 
 8.45750000e-08  1.23206275e+00 
 8.46250000e-08  1.33191605e+00 
 8.46750000e-08  1.43385832e+00 
 8.47250000e-08  1.53773402e+00 
 8.47750000e-08  1.64339276e+00 
 8.48250000e-08  1.75067027e+00 
 8.48750000e-08  1.85936939e+00 
 8.49250000e-08  1.96924330e+00 
 8.49625000e-08  2.05224734e+00 
 8.50000000e-08  2.13558749e+00 
