 0.00000000e+00  0.00000000e+00 
 5.00000000e-13  0.00000000e+00 
 1.00000000e-12  0.00000000e+00 
 2.00000000e-12  0.00000000e+00 
 4.00000000e-12  0.00000000e+00 
 8.00000000e-12  0.00000000e+00 
 1.60000000e-11  0.00000000e+00 
 3.20000000e-11  0.00000000e+00 
 6.40000000e-11  0.00000000e+00 
 1.14000000e-10  0.00000000e+00 
 1.64000000e-10  0.00000000e+00 
 2.14000000e-10  0.00000000e+00 
 2.64000000e-10  0.00000000e+00 
 3.14000000e-10  0.00000000e+00 
 3.64000000e-10  0.00000000e+00 
 4.14000000e-10  0.00000000e+00 
 4.64000000e-10  0.00000000e+00 
 5.14000000e-10  0.00000000e+00 
 5.64000000e-10  0.00000000e+00 
 6.14000000e-10  0.00000000e+00 
 6.64000000e-10  0.00000000e+00 
 7.14000000e-10  0.00000000e+00 
 7.64000000e-10  0.00000000e+00 
 8.14000000e-10  0.00000000e+00 
 8.64000000e-10  0.00000000e+00 
 9.14000000e-10  0.00000000e+00 
 9.64000000e-10  0.00000000e+00 
 1.01400000e-09  0.00000000e+00 
 1.06400000e-09  0.00000000e+00 
 1.11400000e-09  0.00000000e+00 
 1.16400000e-09  0.00000000e+00 
 1.21400000e-09  0.00000000e+00 
 1.26400000e-09  0.00000000e+00 
 1.31400000e-09  0.00000000e+00 
 1.36400000e-09  0.00000000e+00 
 1.41400000e-09  0.00000000e+00 
 1.46400000e-09  0.00000000e+00 
 1.51400000e-09  0.00000000e+00 
 1.56400000e-09  0.00000000e+00 
 1.61400000e-09  0.00000000e+00 
 1.66400000e-09  0.00000000e+00 
 1.71400000e-09  0.00000000e+00 
 1.76400000e-09  0.00000000e+00 
 1.81400000e-09  0.00000000e+00 
 1.86400000e-09  0.00000000e+00 
 1.91400000e-09  0.00000000e+00 
 1.95700000e-09  0.00000000e+00 
 2.00000000e-09  0.00000000e+00 
 2.00067200e-09  4.42148873e-35 
 2.00201600e-09  1.19369402e-33 
 2.00470400e-09  4.33694833e-30 
 2.00805170e-09  4.09083284e-28 
 2.01474709e-09  1.34948694e-24 
 2.02813788e-09  8.46316081e-21 
 2.04836553e-09  3.76356614e-18 
 2.06722590e-09  5.00034688e-17 
 2.09378922e-09  1.95112077e-15 
 2.12723317e-09  6.44894224e-14 
 2.16459327e-09  1.07329289e-12 
 2.20855904e-09  1.58318588e-11 
 2.25855904e-09  1.84598116e-10 
 2.30855904e-09  1.27854115e-09 
 2.35855904e-09  6.59511900e-09 
 2.40855904e-09  2.77259458e-08 
 2.45855904e-09  9.97705932e-08 
 2.50855904e-09  3.16994471e-07 
 2.55855904e-09  9.08578087e-07 
 2.60855904e-09  2.38658590e-06 
 2.65855904e-09  5.81466406e-06 
 2.70855904e-09  1.32654416e-05 
 2.75855904e-09  2.85551936e-05 
 2.80855904e-09  5.83627934e-05 
 2.85855904e-09  1.13851954e-04 
 2.90855904e-09  2.12916081e-04 
 2.95855904e-09  3.83148498e-04 
 3.00855904e-09  6.65602901e-04 
 3.05855904e-09  1.11934705e-03 
 3.10855904e-09  1.82672706e-03 
 3.15855904e-09  2.89915390e-03 
 3.20855904e-09  4.48310582e-03 
 3.25855904e-09  6.76592151e-03 
 3.30855904e-09  9.98085375e-03 
 3.35855904e-09  1.44107787e-02 
 3.40855904e-09  2.03899268e-02 
 3.45427952e-09  2.75339756e-02 
 3.50000000e-09  3.66221912e-02 
 3.50500000e-09  3.77597399e-02 
 3.51500000e-09  4.00917066e-02 
 3.53500000e-09  4.51087898e-02 
 3.57500000e-09  5.66769262e-02 
 3.62500000e-09  7.43367500e-02 
 3.67500000e-09  9.60153060e-02 
 3.72500000e-09  1.22218003e-01 
 3.77500000e-09  1.53421929e-01 
 3.82500000e-09  1.90056000e-01 
 3.87500000e-09  2.32482024e-01 
 3.92500000e-09  2.80978088e-01 
 3.97500000e-09  3.35725651e-01 
 4.02500000e-09  3.96801526e-01 
 4.07500000e-09  4.64175576e-01 
 4.12500000e-09  5.37714551e-01 
 4.17500000e-09  6.17191957e-01 
 4.22500000e-09  7.02303306e-01 
 4.27500000e-09  7.92685581e-01 
 4.32500000e-09  8.87939317e-01 
 4.37500000e-09  9.87651376e-01 
 4.42500000e-09  1.09141636e+00 
 4.47500000e-09  1.19885468e+00 
 4.52500000e-09  1.30962557e+00 
 4.57500000e-09  1.42343374e+00 
 4.62500000e-09  1.54002902e+00 
 4.67500000e-09  1.65919907e+00 
 4.72500000e-09  1.78075590e+00 
 4.77500000e-09  1.90451762e+00 
 4.82500000e-09  2.03028756e+00 
 4.87500000e-09  2.15783302e+00 
 4.92500000e-09  2.28686629e+00 
 4.97500000e-09  2.41703027e+00 
 5.02500000e-09  2.54789074e+00 
 5.07500000e-09  2.67893674e+00 
 5.12500000e-09  2.80958957e+00 
 5.17500000e-09  2.93922023e+00 
 5.22500000e-09  3.06717413e+00 
 5.27500000e-09  3.19280110e+00 
 5.32500000e-09  3.31548813e+00 
 5.37500000e-09  3.43469201e+00 
 5.42500000e-09  3.54996859e+00 
 5.47500000e-09  3.66099620e+00 
 5.52500000e-09  3.76759069e+00 
 5.57500000e-09  3.86971072e+00 
 5.62500000e-09  3.96745270e+00 
 5.67500000e-09  4.06103576e+00 
 5.72500000e-09  4.15077814e+00 
 5.77500000e-09  4.23706721e+00 
 5.82500000e-09  4.32032589e+00 
 5.87500000e-09  4.40097863e+00 
 5.92500000e-09  4.47941994e+00 
 5.97500000e-09  4.55598843e+00 
 6.02500000e-09  4.63094833e+00 
 6.07500000e-09  4.70448001e+00 
 6.12500000e-09  4.77667986e+00 
 6.17500000e-09  4.84756896e+00 
 6.22500000e-09  4.91710925e+00 
 6.27500000e-09  4.98522494e+00 
 6.32500000e-09  5.05182663e+00 
 6.37500000e-09  5.11683554e+00 
 6.42500000e-09  5.18020498e+00 
 6.47500000e-09  5.24193713e+00 
 6.52500000e-09  5.30209328e+00 
 6.57500000e-09  5.36079697e+00 
 6.62500000e-09  5.41822976e+00 
 6.67500000e-09  5.47462066e+00 
 6.72500000e-09  5.53023042e+00 
 6.77500000e-09  5.58533267e+00 
 6.82500000e-09  5.64019409e+00 
 6.87500000e-09  5.69505543e+00 
 6.92500000e-09  5.75011553e+00 
 6.97500000e-09  5.80551940e+00 
 7.02500000e-09  5.86135145e+00 
 7.07500000e-09  5.91763381e+00 
 7.12500000e-09  5.97432952e+00 
 7.17500000e-09  6.03134957e+00 
 7.22500000e-09  6.08856266e+00 
 7.27500000e-09  6.14580611e+00 
 7.32500000e-09  6.20289680e+00 
 7.37500000e-09  6.25964067e+00 
 7.42500000e-09  6.31584021e+00 
 7.47500000e-09  6.37129936e+00 
 7.52500000e-09  6.42582584e+00 
 7.57500000e-09  6.47923145e+00 
 7.62500000e-09  6.53133082e+00 
 7.67500000e-09  6.58193965e+00 
 7.72500000e-09  6.63087324e+00 
 7.77500000e-09  6.67794606e+00 
 7.82500000e-09  6.72297287e+00 
 7.87500000e-09  6.76577162e+00 
 7.92500000e-09  6.80616789e+00 
 7.97500000e-09  6.84400047e+00 
 8.02500000e-09  6.87912731e+00 
 8.07500000e-09  6.91143102e+00 
 8.12500000e-09  6.94082299e+00 
 8.17500000e-09  6.96724561e+00 
 8.22500000e-09  6.99067187e+00 
 8.27500000e-09  7.01110246e+00 
 8.32500000e-09  7.02856046e+00 
 8.37500000e-09  7.04308429e+00 
 8.42500000e-09  7.05471977e+00 
 8.47500000e-09  7.06351241e+00 
 8.52500000e-09  7.06950093e+00 
 8.57500000e-09  7.07271304e+00 
 8.62500000e-09  7.07316423e+00 
 8.67500000e-09  7.07085992e+00 
 8.72500000e-09  7.06580085e+00 
 8.77500000e-09  7.05799136e+00 
 8.82500000e-09  7.04744948e+00 
 8.87500000e-09  7.03421784e+00 
 8.92500000e-09  7.01837387e+00 
 8.97500000e-09  7.00003794e+00 
 9.02500000e-09  6.97937838e+00 
 9.07500000e-09  6.95661220e+00 
 9.12500000e-09  6.93200131e+00 
 9.17500000e-09  6.90584401e+00 
 9.22500000e-09  6.87846244e+00 
 9.27500000e-09  6.85018689e+00 
 9.32500000e-09  6.82133838e+00 
 9.37500000e-09  6.79221111e+00 
 9.42500000e-09  6.76305641e+00 
 9.47500000e-09  6.73406975e+00 
 9.52500000e-09  6.70538215e+00 
 9.57500000e-09  6.67705676e+00 
 9.62500000e-09  6.64909105e+00 
 9.67500000e-09  6.62142436e+00 
 9.72500000e-09  6.59395018e+00 
 9.77500000e-09  6.56653189e+00 
 9.82500000e-09  6.53902054e+00 
 9.87500000e-09  6.51127297e+00 
 9.92500000e-09  6.48316848e+00 
 9.97500000e-09  6.45462260e+00 
 1.00250000e-08  6.42559669e+00 
 1.00750000e-08  6.39610245e+00 
 1.01250000e-08  6.36620111e+00 
 1.01750000e-08  6.33599738e+00 
 1.02250000e-08  6.30562890e+00 
 1.02750000e-08  6.27525225e+00 
 1.03250000e-08  6.24502687e+00 
 1.03750000e-08  6.21509855e+00 
 1.04250000e-08  6.18558395e+00 
 1.04750000e-08  6.15655771e+00 
 1.05250000e-08  6.12804329e+00 
 1.05750000e-08  6.10000833e+00 
 1.06250000e-08  6.07236500e+00 
 1.06750000e-08  6.04497525e+00 
 1.07250000e-08  6.01766038e+00 
 1.07750000e-08  5.99021415e+00 
 1.08250000e-08  5.96241813e+00 
 1.08750000e-08  5.93405798e+00 
 1.09250000e-08  5.90493925e+00 
 1.09750000e-08  5.87490124e+00 
 1.10250000e-08  5.84382795e+00 
 1.10750000e-08  5.81165508e+00 
 1.11250000e-08  5.77837269e+00 
 1.11750000e-08  5.74402349e+00 
 1.12250000e-08  5.70869691e+00 
 1.12750000e-08  5.67251983e+00 
 1.13250000e-08  5.63564482e+00 
 1.13750000e-08  5.59823710e+00 
 1.14250000e-08  5.56046151e+00 
 1.14750000e-08  5.52247062e+00 
 1.15250000e-08  5.48439517e+00 
 1.15750000e-08  5.44633750e+00 
 1.16250000e-08  5.40836861e+00 
 1.16750000e-08  5.37052883e+00 
 1.17250000e-08  5.33283193e+00 
 1.17750000e-08  5.29527205e+00 
 1.18250000e-08  5.25783260e+00 
 1.18750000e-08  5.22049609e+00 
 1.19250000e-08  5.18325379e+00 
 1.19750000e-08  5.14611414e+00 
 1.20250000e-08  5.10910904e+00 
 1.20750000e-08  5.07229736e+00 
 1.21250000e-08  5.03576542e+00 
 1.21750000e-08  4.99962427e+00 
 1.22250000e-08  4.96400433e+00 
 1.22750000e-08  4.92904788e+00 
 1.23250000e-08  4.89490029e+00 
 1.23750000e-08  4.86170097e+00 
 1.24250000e-08  4.82957493e+00 
 1.24750000e-08  4.79862591e+00 
 1.25250000e-08  4.76893155e+00 
 1.25750000e-08  4.74054116e+00 
 1.26250000e-08  4.71347602e+00 
 1.26750000e-08  4.68773206e+00 
 1.27250000e-08  4.66328434e+00 
 1.27750000e-08  4.64009277e+00 
 1.28250000e-08  4.61810812e+00 
 1.28750000e-08  4.59727771e+00 
 1.29250000e-08  4.57754999e+00 
 1.29750000e-08  4.55887762e+00 
 1.30250000e-08  4.54121870e+00 
 1.30750000e-08  4.52453637e+00 
 1.31250000e-08  4.50879695e+00 
 1.31750000e-08  4.49396713e+00 
 1.32250000e-08  4.48001095e+00 
 1.32750000e-08  4.46688716e+00 
 1.33250000e-08  4.45454759e+00 
 1.33750000e-08  4.44293692e+00 
 1.34250000e-08  4.43199419e+00 
 1.34750000e-08  4.42165581e+00 
 1.35250000e-08  4.41185988e+00 
 1.35750000e-08  4.40255112e+00 
 1.36250000e-08  4.39368587e+00 
 1.36750000e-08  4.38523616e+00 
 1.37250000e-08  4.37719229e+00 
 1.37750000e-08  4.36956330e+00 
 1.38250000e-08  4.36237504e+00 
 1.38750000e-08  4.35566584e+00 
 1.39250000e-08  4.34948014e+00 
 1.39750000e-08  4.34386075e+00 
 1.40250000e-08  4.33884066e+00 
 1.40750000e-08  4.33443539e+00 
 1.41250000e-08  4.33063698e+00 
 1.41750000e-08  4.32741047e+00 
 1.42250000e-08  4.32469360e+00 
 1.42750000e-08  4.32239998e+00 
 1.43250000e-08  4.32042558e+00 
 1.43750000e-08  4.31865809e+00 
 1.44250000e-08  4.31698819e+00 
 1.44750000e-08  4.31532148e+00 
 1.45250000e-08  4.31358981e+00 
 1.45750000e-08  4.31176059e+00 
 1.46250000e-08  4.30984296e+00 
 1.46750000e-08  4.30788995e+00 
 1.47250000e-08  4.30599615e+00 
 1.47750000e-08  4.30429111e+00 
 1.48250000e-08  4.30292877e+00 
 1.48750000e-08  4.30207429e+00 
 1.49250000e-08  4.30188925e+00 
 1.49750000e-08  4.30251711e+00 
 1.50250000e-08  4.30407025e+00 
 1.50750000e-08  4.30662010e+00 
 1.51250000e-08  4.31019140e+00 
 1.51750000e-08  4.31476124e+00 
 1.52250000e-08  4.32026290e+00 
 1.52750000e-08  4.32659417e+00 
 1.53250000e-08  4.33362907e+00 
 1.53750000e-08  4.34123180e+00 
 1.54250000e-08  4.34927124e+00 
 1.54750000e-08  4.35763450e+00 
 1.55250000e-08  4.36623801e+00 
 1.55750000e-08  4.37503497e+00 
 1.56250000e-08  4.38401838e+00 
 1.56750000e-08  4.39321943e+00 
 1.57250000e-08  4.40270157e+00 
 1.57750000e-08  4.41255084e+00 
 1.58250000e-08  4.42286391e+00 
 1.58750000e-08  4.43373487e+00 
 1.59250000e-08  4.44524255e+00 
 1.59750000e-08  4.45743966e+00 
 1.60250000e-08  4.47034480e+00 
 1.60750000e-08  4.48393839e+00 
 1.61250000e-08  4.49816257e+00 
 1.61750000e-08  4.51292522e+00 
 1.62250000e-08  4.52810736e+00 
 1.62750000e-08  4.54357307e+00 
 1.63250000e-08  4.55918083e+00 
 1.63750000e-08  4.57479484e+00 
 1.64250000e-08  4.59029538e+00 
 1.64750000e-08  4.60558692e+00 
 1.65250000e-08  4.62060336e+00 
 1.65750000e-08  4.63531007e+00 
 1.66250000e-08  4.64970255e+00 
 1.66750000e-08  4.66380232e+00 
 1.67250000e-08  4.67765045e+00 
 1.67750000e-08  4.69129984e+00 
 1.68250000e-08  4.70480695e+00 
 1.68750000e-08  4.71822418e+00 
 1.69250000e-08  4.73159349e+00 
 1.69750000e-08  4.74494194e+00 
 1.70250000e-08  4.75827947e+00 
 1.70750000e-08  4.77159893e+00 
 1.71250000e-08  4.78487812e+00 
 1.71750000e-08  4.79808343e+00 
 1.72250000e-08  4.81117445e+00 
 1.72750000e-08  4.82410890e+00 
 1.73250000e-08  4.83684725e+00 
 1.73750000e-08  4.84935659e+00 
 1.74250000e-08  4.86161318e+00 
 1.74750000e-08  4.87360370e+00 
 1.75250000e-08  4.88532515e+00 
 1.75750000e-08  4.89678350e+00 
 1.76250000e-08  4.90799153e+00 
 1.76750000e-08  4.91896627e+00 
 1.77250000e-08  4.92972631e+00 
 1.77750000e-08  4.94028955e+00 
 1.78250000e-08  4.95067157e+00 
 1.78750000e-08  4.96088480e+00 
 1.79250000e-08  4.97093857e+00 
 1.79750000e-08  4.98083989e+00 
 1.80250000e-08  4.99059479e+00 
 1.80750000e-08  5.00020987e+00 
 1.81250000e-08  5.00969385e+00 
 1.81750000e-08  5.01905872e+00 
 1.82250000e-08  5.02832031e+00 
 1.82750000e-08  5.03749811e+00 
 1.83250000e-08  5.04661429e+00 
 1.83750000e-08  5.05569201e+00 
 1.84250000e-08  5.06475316e+00 
 1.84750000e-08  5.07381576e+00 
 1.85250000e-08  5.08289146e+00 
 1.85750000e-08  5.09198321e+00 
 1.86250000e-08  5.10108364e+00 
 1.86750000e-08  5.11017421e+00 
 1.87250000e-08  5.11922534e+00 
 1.87750000e-08  5.12819756e+00 
 1.88250000e-08  5.13704368e+00 
 1.88750000e-08  5.14571168e+00 
 1.89250000e-08  5.15414821e+00 
 1.89750000e-08  5.16230241e+00 
 1.90250000e-08  5.17012954e+00 
 1.90750000e-08  5.17759428e+00 
 1.91250000e-08  5.18467329e+00 
 1.91750000e-08  5.19135670e+00 
 1.92250000e-08  5.19764859e+00 
 1.92750000e-08  5.20356608e+00 
 1.93250000e-08  5.20913734e+00 
 1.93750000e-08  5.21439846e+00 
 1.94250000e-08  5.21938960e+00 
 1.94750000e-08  5.22415057e+00 
 1.95250000e-08  5.22871641e+00 
 1.95750000e-08  5.23311328e+00 
 1.96250000e-08  5.23735506e+00 
 1.96750000e-08  5.24144110e+00 
 1.97250000e-08  5.24535538e+00 
 1.97750000e-08  5.24906712e+00 
 1.98250000e-08  5.25253306e+00 
 1.98750000e-08  5.25570111e+00 
 1.99250000e-08  5.25851513e+00 
 1.99750000e-08  5.26092054e+00 
 2.00250000e-08  5.26287001e+00 
 2.00750000e-08  5.26432892e+00 
 2.01250000e-08  5.26527980e+00 
 2.01750000e-08  5.26572545e+00 
 2.02250000e-08  5.26569011e+00 
 2.02750000e-08  5.26521872e+00 
 2.03250000e-08  5.26437403e+00 
 2.03750000e-08  5.26323185e+00 
 2.04250000e-08  5.26187485e+00 
 2.04750000e-08  5.26038547e+00 
 2.05250000e-08  5.25883860e+00 
 2.05661032e-08  5.25756645e+00 
 2.05965789e-08  5.25663953e+00 
 2.06306311e-08  5.25562970e+00 
 2.06718419e-08  5.25444768e+00 
 2.07218419e-08  5.25306344e+00 
 2.07718419e-08  5.25170541e+00 
 2.08218419e-08  5.25032469e+00 
 2.08718419e-08  5.24885839e+00 
 2.09218419e-08  5.24723696e+00 
 2.09718419e-08  5.24539231e+00 
 2.10218419e-08  5.24326592e+00 
 2.10718419e-08  5.24081591e+00 
 2.11218419e-08  5.23802238e+00 
 2.11718419e-08  5.23489048e+00 
 2.12218419e-08  5.23145059e+00 
 2.12718419e-08  5.22775589e+00 
 2.13218419e-08  5.22387729e+00 
 2.13718419e-08  5.21989639e+00 
 2.14218419e-08  5.21589731e+00 
 2.14609209e-08  5.21280833e+00 
 2.15000000e-08  5.20978870e+00 
 2.15050000e-08  5.20940933e+00 
 2.15150000e-08  5.20865389e+00 
 2.15350000e-08  5.20716370e+00 
 2.15750000e-08  5.20427160e+00 
 2.16250000e-08  5.20082659e+00 
 2.16750000e-08  5.19756086e+00 
 2.17250000e-08  5.19444201e+00 
 2.17750000e-08  5.19141773e+00 
 2.18250000e-08  5.18842210e+00 
 2.18750000e-08  5.18538318e+00 
 2.19250000e-08  5.18223107e+00 
 2.19750000e-08  5.17890541e+00 
 2.20250000e-08  5.17536152e+00 
 2.20750000e-08  5.17157441e+00 
 2.21250000e-08  5.16754025e+00 
 2.21750000e-08  5.16327508e+00 
 2.22250000e-08  5.15881101e+00 
 2.22750000e-08  5.15419008e+00 
 2.23250000e-08  5.14945663e+00 
 2.23750000e-08  5.14464877e+00 
 2.24250000e-08  5.13978960e+00 
 2.24750000e-08  5.13487912e+00 
 2.25250000e-08  5.12988709e+00 
 2.25750000e-08  5.12474737e+00 
 2.26250000e-08  5.11935380e+00 
 2.26750000e-08  5.11355773e+00 
 2.27250000e-08  5.10716677e+00 
 2.27750000e-08  5.09994490e+00 
 2.28250000e-08  5.09161331e+00 
 2.28750000e-08  5.08185221e+00 
 2.29250000e-08  5.07030329e+00 
 2.29625000e-08  5.06024467e+00 
 2.30000000e-08  5.04878318e+00 
 2.30050000e-08  5.04712671e+00 
 2.30150000e-08  5.04375550e+00 
 2.30350000e-08  5.03665252e+00 
 2.30750000e-08  5.02089261e+00 
 2.31250000e-08  4.99798252e+00 
 2.31750000e-08  4.97108050e+00 
 2.32250000e-08  4.93972079e+00 
 2.32750000e-08  4.90345796e+00 
 2.33250000e-08  4.86188297e+00 
 2.33750000e-08  4.81463993e+00 
 2.34250000e-08  4.76144246e+00 
 2.34750000e-08  4.70208836e+00 
 2.35250000e-08  4.63647123e+00 
 2.35750000e-08  4.56458755e+00 
 2.36250000e-08  4.48653832e+00 
 2.36750000e-08  4.40252463e+00 
 2.37250000e-08  4.31283691e+00 
 2.37750000e-08  4.21783859e+00 
 2.38250000e-08  4.11794521e+00 
 2.38750000e-08  4.01360075e+00 
 2.39250000e-08  3.90525329e+00 
 2.39750000e-08  3.79333238e+00 
 2.40250000e-08  3.67823031e+00 
 2.40750000e-08  3.56028940e+00 
 2.41250000e-08  3.43979660e+00 
 2.41750000e-08  3.31698622e+00 
 2.42250000e-08  3.19205052e+00 
 2.42750000e-08  3.06515707e+00 
 2.43250000e-08  2.93647113e+00 
 2.43750000e-08  2.80618031e+00 
 2.44250000e-08  2.67451866e+00 
 2.44750000e-08  2.54178726e+00 
 2.45250000e-08  2.40836841e+00 
 2.45750000e-08  2.27473123e+00 
 2.46250000e-08  2.14142757e+00 
 2.46750000e-08  2.00907754e+00 
 2.47250000e-08  1.87834584e+00 
 2.47750000e-08  1.74991047e+00 
 2.48250000e-08  1.62442663e+00 
 2.48750000e-08  1.50248925e+00 
 2.49250000e-08  1.38459759e+00 
 2.49750000e-08  1.27112554e+00 
 2.50250000e-08  1.16230055e+00 
 2.50750000e-08  1.05819348e+00 
 2.51250000e-08  9.58720274e-01 
 2.51750000e-08  8.63655711e-01 
 2.52250000e-08  7.72657624e-01 
 2.52750000e-08  6.85299536e-01 
 2.53250000e-08  6.01108433e-01 
 2.53750000e-08  5.19604111e-01 
 2.54250000e-08  4.40336363e-01 
 2.54750000e-08  3.62916599e-01 
 2.55250000e-08  2.87041113e-01 
 2.55750000e-08  2.12504153e-01 
 2.56250000e-08  1.39200049e-01 
 2.56750000e-08  6.71147736e-02 
 2.57250000e-08 -3.69157215e-03 
 2.57750000e-08 -7.31090290e-02 
 2.58250000e-08 -1.41005848e-01 
 2.58750000e-08 -2.07257159e-01 
 2.59250000e-08 -2.71771138e-01 
 2.59750000e-08 -3.34509976e-01 
 2.60250000e-08 -3.95503668e-01 
 2.60750000e-08 -4.54855497e-01 
 2.61250000e-08 -5.12739049e-01 
 2.61750000e-08 -5.69387499e-01 
 2.62250000e-08 -6.25076694e-01 
 2.62750000e-08 -6.80104125e-01 
 2.63250000e-08 -7.34766169e-01 
 2.63750000e-08 -7.89336008e-01 
 2.64250000e-08 -8.44044369e-01 
 2.64750000e-08 -8.99064764e-01 
 2.65250000e-08 -9.54504275e-01 
 2.65750000e-08 -1.01040025e+00 
 2.66250000e-08 -1.06672257e+00 
 2.66750000e-08 -1.12338072e+00 
 2.67250000e-08 -1.18023410e+00 
 2.67750000e-08 -1.23710446e+00 
 2.68250000e-08 -1.29378849e+00 
 2.68750000e-08 -1.35006958e+00 
 2.69250000e-08 -1.40572746e+00 
 2.69750000e-08 -1.46054529e+00 
 2.70250000e-08 -1.51431389e+00 
 2.70750000e-08 -1.56683351e+00 
 2.71250000e-08 -1.61791359e+00 
 2.71750000e-08 -1.66737143e+00 
 2.72250000e-08 -1.71503051e+00 
 2.72750000e-08 -1.76071932e+00 
 2.73250000e-08 -1.80427120e+00 
 2.73750000e-08 -1.84552557e+00 
 2.74250000e-08 -1.88433048e+00 
 2.74750000e-08 -1.92054623e+00 
 2.75250000e-08 -1.95404940e+00 
 2.75750000e-08 -1.98473688e+00 
 2.76250000e-08 -2.01252884e+00 
 2.76750000e-08 -2.03737046e+00 
 2.77250000e-08 -2.05923170e+00 
 2.77750000e-08 -2.07810512e+00 
 2.78250000e-08 -2.09400195e+00 
 2.78750000e-08 -2.10694683e+00 
 2.79250000e-08 -2.11697186e+00 
 2.79750000e-08 -2.12411088e+00 
 2.80250000e-08 -2.12839475e+00 
 2.80750000e-08 -2.12984843e+00 
 2.81250000e-08 -2.12849040e+00 
 2.81750000e-08 -2.12433471e+00 
 2.82250000e-08 -2.11739557e+00 
 2.82750000e-08 -2.10769408e+00 
 2.83250000e-08 -2.09526637e+00 
 2.83750000e-08 -2.08017227e+00 
 2.84250000e-08 -2.06250331e+00 
 2.84750000e-08 -2.04238910e+00 
 2.85250000e-08 -2.02000105e+00 
 2.85750000e-08 -1.99555271e+00 
 2.86250000e-08 -1.96929642e+00 
 2.86750000e-08 -1.94151615e+00 
 2.87250000e-08 -1.91251695e+00 
 2.87750000e-08 -1.88261180e+00 
 2.88250000e-08 -1.85210685e+00 
 2.88750000e-08 -1.82128626e+00 
 2.89250000e-08 -1.79039801e+00 
 2.89750000e-08 -1.75964199e+00 
 2.90250000e-08 -1.72916132e+00 
 2.90750000e-08 -1.69903783e+00 
 2.91250000e-08 -1.66929212e+00 
 2.91750000e-08 -1.63988827e+00 
 2.92250000e-08 -1.61074276e+00 
 2.92750000e-08 -1.58173699e+00 
 2.93250000e-08 -1.55273222e+00 
 2.93750000e-08 -1.52358569e+00 
 2.94250000e-08 -1.49416656e+00 
 2.94750000e-08 -1.46437026e+00 
 2.95250000e-08 -1.43412993e+00 
 2.95750000e-08 -1.40342406e+00 
 2.96250000e-08 -1.37227959e+00 
 2.96750000e-08 -1.34077011e+00 
 2.97250000e-08 -1.30900949e+00 
 2.97750000e-08 -1.27714119e+00 
 2.98250000e-08 -1.24532455e+00 
 2.98750000e-08 -1.21371892e+00 
 2.99250000e-08 -1.18246737e+00 
 2.99750000e-08 -1.15168120e+00 
 3.00250000e-08 -1.12142694e+00 
 3.00750000e-08 -1.09171693e+00 
 3.01250000e-08 -1.06250451e+00 
 3.01750000e-08 -1.03368438e+00 
 3.02250000e-08 -1.00509818e+00 
 3.02750000e-08 -9.76544982e-01 
 3.03250000e-08 -9.47795776e-01 
 3.03750000e-08 -9.18610777e-01 
 3.04250000e-08 -8.88758022e-01 
 3.04750000e-08 -8.58031593e-01 
 3.05250000e-08 -8.26267814e-01 
 3.05750000e-08 -7.93357940e-01 
 3.06250000e-08 -7.59256171e-01 
 3.06750000e-08 -7.23982249e-01 
 3.07250000e-08 -6.87618432e-01 
 3.07750000e-08 -6.50301170e-01 
 3.08250000e-08 -6.12208337e-01 
 3.08750000e-08 -5.73543301e-01 
 3.09250000e-08 -5.34517453e-01 
 3.09750000e-08 -4.95332921e-01 
 3.10250000e-08 -4.56167216e-01 
 3.10750000e-08 -4.17161298e-01 
 3.11250000e-08 -3.78412204e-01 
 3.11750000e-08 -3.39970879e-01 
 3.12250000e-08 -3.01845288e-01 
 3.12750000e-08 -2.64008315e-01 
 3.13250000e-08 -2.26409455e-01 
 3.13750000e-08 -1.88988879e-01 
 3.14250000e-08 -1.51692259e-01 
 3.14750000e-08 -1.14484614e-01 
 3.15250000e-08 -7.73616581e-02 
 3.15750000e-08 -4.03573627e-02 
 3.16250000e-08 -3.54695794e-03 
 3.16750000e-08  3.29549077e-02 
 3.17250000e-08  6.90005532e-02 
 3.17750000e-08  1.04419394e-01 
 3.18250000e-08  1.39030598e-01 
 3.18750000e-08  1.72656799e-01 
 3.19250000e-08  2.05137313e-01 
 3.19750000e-08  2.36339401e-01 
 3.20250000e-08  2.66166428e-01 
 3.20750000e-08  2.94562136e-01 
 3.21250000e-08  3.21510763e-01 
 3.21750000e-08  3.47033258e-01 
 3.22250000e-08  3.71180258e-01 
 3.22750000e-08  3.94022909e-01 
 3.23250000e-08  4.15642777e-01 
 3.23750000e-08  4.36122172e-01 
 3.24250000e-08  4.55536048e-01 
 3.24750000e-08  4.73946408e-01 
 3.25250000e-08  4.91399705e-01 
 3.25750000e-08  5.07927328e-01 
 3.26250000e-08  5.23548799e-01 
 3.26750000e-08  5.38276953e-01 
 3.27250000e-08  5.52124082e-01 
 3.27750000e-08  5.65107965e-01 
 3.28250000e-08  5.77256693e-01 
 3.28750000e-08  5.88611464e-01 
 3.29250000e-08  5.99226800e-01 
 3.29750000e-08  6.09168084e-01 
 3.30250000e-08  6.18506703e-01 
 3.30750000e-08  6.27313501e-01 
 3.31250000e-08  6.35651494e-01 
 3.31750000e-08  6.43568988e-01 
 3.32250000e-08  6.51094200e-01 
 3.32750000e-08  6.58232316e-01 
 3.33250000e-08  6.64965615e-01 
 3.33750000e-08  6.71256853e-01 
 3.34250000e-08  6.77055660e-01 
 3.34750000e-08  6.82307243e-01 
 3.35250000e-08  6.86962340e-01 
 3.35750000e-08  6.90987133e-01 
 3.36250000e-08  6.94371755e-01 
 3.36750000e-08  6.97136152e-01 
 3.37250000e-08  6.99332350e-01 
 3.37750000e-08  7.01042579e-01 
 3.38250000e-08  7.02373232e-01 
 3.38750000e-08  7.03445181e-01 
 3.39250000e-08  7.04381415e-01 
 3.39750000e-08  7.05293386e-01 
 3.40250000e-08  7.06267639e-01 
 3.40750000e-08  7.07354344e-01 
 3.41250000e-08  7.08559148e-01 
 3.41750000e-08  7.09839463e-01 
 3.42250000e-08  7.11105758e-01 
 3.42750000e-08  7.12227889e-01 
 3.43250000e-08  7.13045904e-01 
 3.43750000e-08  7.13384230e-01 
 3.44250000e-08  7.13067735e-01 
 3.44750000e-08  7.11937965e-01 
 3.45250000e-08  7.09867764e-01 
 3.45750000e-08  7.06772711e-01 
 3.46250000e-08  7.02618144e-01 
 3.46750000e-08  6.97421019e-01 
 3.47250000e-08  6.91246483e-01 
 3.47750000e-08  6.84199573e-01 
 3.48250000e-08  6.76413042e-01 
 3.48750000e-08  6.68032685e-01 
 3.49250000e-08  6.59201844e-01 
 3.49750000e-08  6.50046769e-01 
 3.50250000e-08  6.40664437e-01 
 3.50750000e-08  6.31114079e-01 
 3.51250000e-08  6.21413249e-01 
 3.51750000e-08  6.11538714e-01 
 3.52250000e-08  6.01431932e-01 
 3.52750000e-08  5.91008360e-01 
 3.53250000e-08  5.80169447e-01 
 3.53750000e-08  5.68815918e-01 
 3.54250000e-08  5.56860852e-01 
 3.54750000e-08  5.44241143e-01 
 3.55250000e-08  5.30926182e-01 
 3.55750000e-08  5.16922915e-01 
 3.56250000e-08  5.02276912e-01 
 3.56750000e-08  4.87069484e-01 
 3.57250000e-08  4.71411328e-01 
 3.57750000e-08  4.55433530e-01 
 3.58250000e-08  4.39276969e-01 
 3.58750000e-08  4.23081295e-01 
 3.59250000e-08  4.06974602e-01 
 3.59750000e-08  3.91064783e-01 
 3.60250000e-08  3.75433322e-01 
 3.60750000e-08  3.60131928e-01 
 3.61250000e-08  3.45182149e-01 
 3.61750000e-08  3.30577747e-01 
 3.62250000e-08  3.16289357e-01 
 3.62750000e-08  3.02270792e-01 
 3.63250000e-08  2.88466211e-01 
 3.63750000e-08  2.74817393e-01 
 3.64250000e-08  2.61270389e-01 
 3.64750000e-08  2.47781010e-01 
 3.65250000e-08  2.34318728e-01 
 3.65750000e-08  2.20868821e-01 
 3.66250000e-08  2.07432747e-01 
 3.66750000e-08  1.94026927e-01 
 3.67250000e-08  1.80680233e-01 
 3.67750000e-08  1.67430559e-01 
 3.68250000e-08  1.54320905e-01 
 3.68750000e-08  1.41395370e-01 
 3.69250000e-08  1.28695419e-01 
 3.69750000e-08  1.16256705e-01 
 3.70250000e-08  1.04106646e-01 
 3.70750000e-08  9.22628644e-02 
 3.71250000e-08  8.07325156e-02 
 3.71750000e-08  6.95124442e-02 
 3.72250000e-08  5.85900751e-02 
 3.72750000e-08  4.79448834e-02 
 3.73250000e-08  3.75502743e-02 
 3.73750000e-08  2.73756933e-02 
 3.74250000e-08  1.73887879e-02 
 3.74750000e-08  7.55745713e-03 
 3.75250000e-08 -2.14835266e-03 
 3.75750000e-08 -1.17552155e-02 
 3.76250000e-08 -2.12852306e-02 
 3.76750000e-08 -3.07554950e-02 
 3.77250000e-08 -4.01780280e-02 
 3.77750000e-08 -4.95600894e-02 
 3.78250000e-08 -5.89047910e-02 
 3.78750000e-08 -6.82118719e-02 
 3.79250000e-08 -7.74784923e-02 
 3.79750000e-08 -8.66999018e-02 
 3.80250000e-08 -9.58698589e-02 
 3.80750000e-08 -1.04980723e-01 
 3.81250000e-08 -1.14023189e-01 
 3.81750000e-08 -1.22985716e-01 
 3.82250000e-08 -1.31853742e-01 
 3.82750000e-08 -1.40608859e-01 
 3.83250000e-08 -1.49228155e-01 
 3.83750000e-08 -1.57683910e-01 
 3.84250000e-08 -1.65943859e-01 
 3.84750000e-08 -1.73972128e-01 
 3.85250000e-08 -1.81730897e-01 
 3.85750000e-08 -1.89182718e-01 
 3.86250000e-08 -1.96293312e-01 
 3.86750000e-08 -2.03034557e-01 
 3.87250000e-08 -2.09387322e-01 
 3.87750000e-08 -2.15343738e-01 
 3.88250000e-08 -2.20908545e-01 
 3.88750000e-08 -2.26099202e-01 
 3.89250000e-08 -2.30944579e-01 
 3.89750000e-08 -2.35482221e-01 
 3.90250000e-08 -2.39754345e-01 
 3.90750000e-08 -2.43802926e-01 
 3.91250000e-08 -2.47664368e-01 
 3.91750000e-08 -2.51364395e-01 
 3.92250000e-08 -2.54913782e-01 
 3.92750000e-08 -2.58305555e-01 
 3.93250000e-08 -2.61514115e-01 
 3.93750000e-08 -2.64496582e-01 
 3.94250000e-08 -2.67196362e-01 
 3.94750000e-08 -2.69548711e-01 
 3.95250000e-08 -2.71487765e-01 
 3.95750000e-08 -2.72954317e-01 
 3.96250000e-08 -2.73903454e-01 
 3.96750000e-08 -2.74311153e-01 
 3.97250000e-08 -2.74178980e-01 
 3.97750000e-08 -2.73536215e-01 
 3.98250000e-08 -2.72439024e-01 
 3.98750000e-08 -2.70966584e-01 
 3.99250000e-08 -2.69214479e-01 
 3.99750000e-08 -2.67285980e-01 
 4.00250000e-08 -2.65282137e-01 
 4.00750000e-08 -2.63291764e-01 
 4.01250000e-08 -2.61382465e-01 
 4.01750000e-08 -2.59593776e-01 
 4.02250000e-08 -2.57933255e-01 
 4.02750000e-08 -2.56376070e-01 
 4.03250000e-08 -2.54868197e-01 
 4.03750000e-08 -2.53332952e-01 
 4.04250000e-08 -2.51680164e-01 
 4.04750000e-08 -2.49816964e-01 
 4.05250000e-08 -2.47658992e-01 
 4.05750000e-08 -2.45140707e-01 
 4.06250000e-08 -2.42223618e-01 
 4.06750000e-08 -2.38901456e-01 
 4.07250000e-08 -2.35201673e-01 
 4.07750000e-08 -2.31183078e-01 
 4.08250000e-08 -2.26929881e-01 
 4.08750000e-08 -2.22542822e-01 
 4.09250000e-08 -2.18128431e-01 
 4.09750000e-08 -2.13787662e-01 
 4.10250000e-08 -2.09605230e-01 
 4.10750000e-08 -2.05640867e-01 
 4.11250000e-08 -2.01923506e-01 
 4.11750000e-08 -1.98449013e-01 
 4.12250000e-08 -1.95181676e-01 
 4.12750000e-08 -1.92059218e-01 
 4.13250000e-08 -1.89000650e-01 
 4.13750000e-08 -1.85916002e-01 
 4.14250000e-08 -1.82716723e-01 
 4.14750000e-08 -1.79325512e-01 
 4.15250000e-08 -1.75684441e-01 
 4.15750000e-08 -1.71760459e-01 
 4.16250000e-08 -1.67547713e-01 
 4.16750000e-08 -1.63066540e-01 
 4.17250000e-08 -1.58359391e-01 
 4.17750000e-08 -1.53484312e-01 
 4.18250000e-08 -1.48506898e-01 
 4.18750000e-08 -1.43491800e-01 
 4.19250000e-08 -1.38494864e-01 
 4.19625000e-08 -1.34783852e-01 
 4.20000000e-08 -1.31117535e-01 
 4.20050000e-08 -1.30632798e-01 
 4.20150000e-08 -1.29665097e-01 
 4.20350000e-08 -1.27740157e-01 
 4.20750000e-08 -1.23928599e-01 
 4.21250000e-08 -1.19220714e-01 
 4.21750000e-08 -1.14545919e-01 
 4.22250000e-08 -1.09863907e-01 
 4.22750000e-08 -1.05132464e-01 
 4.23250000e-08 -1.00314186e-01 
 4.23750000e-08 -9.53822601e-02 
 4.24250000e-08 -9.03245572e-02 
 4.24750000e-08 -8.51455092e-02 
 4.25250000e-08 -7.98655852e-02 
 4.25750000e-08 -7.45184678e-02 
 4.26250000e-08 -6.91463385e-02 
 4.26750000e-08 -6.37938923e-02 
 4.27250000e-08 -5.85018206e-02 
 4.27750000e-08 -5.33005067e-02 
 4.28250000e-08 -4.82045734e-02 
 4.28750000e-08 -4.32087216e-02 
 4.29250000e-08 -3.82850446e-02 
 4.29750000e-08 -3.33817269e-02 
 4.30250000e-08 -2.84227897e-02 
 4.30750000e-08 -2.33083671e-02 
 4.31250000e-08 -1.79149164e-02 
 4.31750000e-08 -1.20948037e-02 
 4.32250000e-08 -5.67485833e-03 
 4.32750000e-08  1.54626250e-03 
 4.33250000e-08  9.80174537e-03 
 4.33750000e-08  1.93608506e-02 
 4.34250000e-08  3.05329298e-02 
 4.34625000e-08  4.01696435e-02 
 4.35000000e-08  5.10739819e-02 
 4.35050000e-08  5.26442243e-02 
 4.35150000e-08  5.58377928e-02 
 4.35350000e-08  6.25543424e-02 
 4.35750000e-08  7.74173971e-02 
 4.36250000e-08  9.89823856e-02 
 4.36750000e-08  1.24312547e-01 
 4.37250000e-08  1.53910484e-01 
 4.37750000e-08  1.88267754e-01 
 4.38250000e-08  2.27843399e-01 
 4.38750000e-08  2.73041546e-01 
 4.39250000e-08  3.24189923e-01 
 4.39750000e-08  3.81521283e-01 
 4.40250000e-08  4.45159579e-01 
 4.40750000e-08  5.15112428e-01 
 4.41250000e-08  5.91270876e-01 
 4.41750000e-08  6.73416799e-01 
 4.42250000e-08  7.61237545e-01 
 4.42750000e-08  8.54346670e-01 
 4.43250000e-08  9.52308958e-01 
 4.43750000e-08  1.05466743e+00 
 4.44250000e-08  1.16096978e+00 
 4.44750000e-08  1.27079166e+00 
 4.45250000e-08  1.38375450e+00 
 4.45750000e-08  1.49953615e+00 
 4.46250000e-08  1.61787315e+00 
 4.46750000e-08  1.73855468e+00 
 4.47250000e-08  1.86140866e+00 
 4.47750000e-08  1.98628175e+00 
 4.48250000e-08  2.11301549e+00 
 4.48750000e-08  2.24142133e+00 
 4.49250000e-08  2.37125739e+00 
 4.49750000e-08  2.50221004e+00 
 4.50250000e-08  2.63388241e+00 
 4.50750000e-08  2.76579176e+00 
 4.51250000e-08  2.89737644e+00 
 4.51750000e-08  3.02801233e+00 
 4.52250000e-08  3.15703761e+00 
 4.52750000e-08  3.28378384e+00 
 4.53250000e-08  3.40761060e+00 
 4.53750000e-08  3.52794058e+00 
 4.54250000e-08  3.64429190e+00 
 4.54750000e-08  3.75630449e+00 
 4.55250000e-08  3.86375828e+00 
 4.55750000e-08  3.96658120e+00 
 4.56250000e-08  4.06484643e+00 
 4.56750000e-08  4.15875913e+00 
 4.57250000e-08  4.24863381e+00 
 4.57750000e-08  4.33486458e+00 
 4.58250000e-08  4.41789098e+00 
 4.58750000e-08  4.49816253e+00 
 4.59250000e-08  4.57610524e+00 
 4.59750000e-08  4.65209290e+00 
 4.60250000e-08  4.72642561e+00 
 4.60750000e-08  4.79931702e+00 
 4.61250000e-08  4.87089121e+00 
 4.61750000e-08  4.94118870e+00 
 4.62250000e-08  5.01018061e+00 
 4.62750000e-08  5.07778906e+00 
 4.63250000e-08  5.14391138e+00 
 4.63750000e-08  5.20844543e+00 
 4.64250000e-08  5.27131337e+00 
 4.64750000e-08  5.33248159e+00 
 4.65250000e-08  5.39197471e+00 
 4.65750000e-08  5.44988265e+00 
 4.66250000e-08  5.50636028e+00 
 4.66750000e-08  5.56161992e+00 
 4.67250000e-08  5.61591779e+00 
 4.67750000e-08  5.66953610e+00 
 4.68250000e-08  5.72276252e+00 
 4.68750000e-08  5.77586936e+00 
 4.69250000e-08  5.82909427e+00 
 4.69750000e-08  5.88262435e+00 
 4.70250000e-08  5.93658481e+00 
 4.70750000e-08  5.99103297e+00 
 4.71250000e-08  6.04595766e+00 
 4.71750000e-08  6.10128368e+00 
 4.72250000e-08  6.15688027e+00 
 4.72750000e-08  6.21257256e+00 
 4.73250000e-08  6.26815435e+00 
 4.73750000e-08  6.32340105e+00 
 4.74250000e-08  6.37808135e+00 
 4.74750000e-08  6.43196679e+00 
 4.75250000e-08  6.48483858e+00 
 4.75750000e-08  6.53649152e+00 
 4.76250000e-08  6.58673522e+00 
 4.76750000e-08  6.63539318e+00 
 4.77250000e-08  6.68230046e+00 
 4.77750000e-08  6.72730079e+00 
 4.78250000e-08  6.77024395e+00 
 4.78750000e-08  6.81098414e+00 
 4.79250000e-08  6.84937967e+00 
 4.79750000e-08  6.88529427e+00 
 4.80250000e-08  6.91859978e+00 
 4.80750000e-08  6.94917989e+00 
 4.81250000e-08  6.97693425e+00 
 4.81750000e-08  7.00178237e+00 
 4.82250000e-08  7.02366659e+00 
 4.82750000e-08  7.04255354e+00 
 4.83250000e-08  7.05843378e+00 
 4.83750000e-08  7.07131955e+00 
 4.84250000e-08  7.08124085e+00 
 4.84750000e-08  7.08824032e+00 
 4.85250000e-08  7.09236755e+00 
 4.85750000e-08  7.09367391e+00 
 4.86250000e-08  7.09220833e+00 
 4.86750000e-08  7.08801515e+00 
 4.87250000e-08  7.08113423e+00 
 4.87750000e-08  7.07160380e+00 
 4.88250000e-08  7.05946562e+00 
 4.88750000e-08  7.04477214e+00 
 4.89250000e-08  7.02759484e+00 
 4.89750000e-08  7.00803245e+00 
 4.90250000e-08  6.98621820e+00 
 4.90750000e-08  6.96232472e+00 
 4.91250000e-08  6.93656564e+00 
 4.91750000e-08  6.90919338e+00 
 4.92250000e-08  6.88049258e+00 
 4.92750000e-08  6.85076962e+00 
 4.93250000e-08  6.82033877e+00 
 4.93750000e-08  6.78950614e+00 
 4.94250000e-08  6.75855275e+00 
 4.94750000e-08  6.72771843e+00 
 4.95250000e-08  6.69718824e+00 
 4.95750000e-08  6.66708266e+00 
 4.96250000e-08  6.63745299e+00 
 4.96750000e-08  6.60828234e+00 
 4.97250000e-08  6.57949254e+00 
 4.97750000e-08  6.55095642e+00 
 4.98250000e-08  6.52251429e+00 
 4.98750000e-08  6.49399336e+00 
 4.99250000e-08  6.46522795e+00 
 4.99750000e-08  6.43607871e+00 
 5.00250000e-08  6.40644890e+00 
 5.00750000e-08  6.37629590e+00 
 5.01250000e-08  6.34563700e+00 
 5.01750000e-08  6.31454862e+00 
 5.02250000e-08  6.28315911e+00 
 5.02750000e-08  6.25163574e+00 
 5.03250000e-08  6.22016727e+00 
 5.03750000e-08  6.18894374e+00 
 5.04250000e-08  6.15813560e+00 
 5.04750000e-08  6.12787441e+00 
 5.05250000e-08  6.09823687e+00 
 5.05750000e-08  6.06923409e+00 
 5.06250000e-08  6.04080708e+00 
 5.06750000e-08  6.01282895e+00 
 5.07250000e-08  5.98511377e+00 
 5.07750000e-08  5.95743106e+00 
 5.08250000e-08  5.92952458e+00 
 5.08750000e-08  5.90113352e+00 
 5.09250000e-08  5.87201410e+00 
 5.09750000e-08  5.84195937e+00 
 5.10250000e-08  5.81081539e+00 
 5.10750000e-08  5.77849237e+00 
 5.11250000e-08  5.74496965e+00 
 5.11750000e-08  5.71029450e+00 
 5.12250000e-08  5.67457474e+00 
 5.12750000e-08  5.63796650e+00 
 5.13250000e-08  5.60065816e+00 
 5.13750000e-08  5.56285261e+00 
 5.14250000e-08  5.52474940e+00 
 5.14750000e-08  5.48652877e+00 
 5.15250000e-08  5.44833906e+00 
 5.15750000e-08  5.41028858e+00 
 5.16250000e-08  5.37244263e+00 
 5.16750000e-08  5.33482558e+00 
 5.17250000e-08  5.29742762e+00 
 5.17750000e-08  5.26021509e+00 
 5.18250000e-08  5.22314303e+00 
 5.18750000e-08  5.18616850e+00 
 5.19250000e-08  5.14926311e+00 
 5.19750000e-08  5.11242328e+00 
 5.20250000e-08  5.07567728e+00 
 5.20750000e-08  5.03908836e+00 
 5.21250000e-08  5.00275374e+00 
 5.21750000e-08  4.96679979e+00 
 5.22250000e-08  4.93137408e+00 
 5.22750000e-08  4.89663527e+00 
 5.23250000e-08  4.86274215e+00 
 5.23750000e-08  4.82984290e+00 
 5.24250000e-08  4.79806592e+00 
 5.24750000e-08  4.76751283e+00 
 5.25250000e-08  4.73825457e+00 
 5.25750000e-08  4.71033045e+00 
 5.26250000e-08  4.68375025e+00 
 5.26750000e-08  4.65849866e+00 
 5.27250000e-08  4.63454144e+00 
 5.27750000e-08  4.61183228e+00 
 5.28250000e-08  4.59031955e+00 
 5.28750000e-08  4.56995197e+00 
 5.29250000e-08  4.55068269e+00 
 5.29750000e-08  4.53247144e+00 
 5.30250000e-08  4.51528454e+00 
 5.30750000e-08  4.49909316e+00 
 5.31250000e-08  4.48387036e+00 
 5.31750000e-08  4.46958734e+00 
 5.32250000e-08  4.45621000e+00 
 5.32750000e-08  4.44369616e+00 
 5.33250000e-08  4.43199422e+00 
 5.33750000e-08  4.42104365e+00 
 5.34250000e-08  4.41077714e+00 
 5.34750000e-08  4.40112447e+00 
 5.35250000e-08  4.39201754e+00 
 5.35750000e-08  4.38339588e+00 
 5.36250000e-08  4.37521183e+00 
 5.36750000e-08  4.36743477e+00 
 5.37250000e-08  4.36005350e+00 
 5.37750000e-08  4.35307654e+00 
 5.38250000e-08  4.34652983e+00 
 5.38750000e-08  4.34045228e+00 
 5.39250000e-08  4.33488923e+00 
 5.39750000e-08  4.32988481e+00 
 5.40250000e-08  4.32547387e+00 
 5.40750000e-08  4.32167452e+00 
 5.41250000e-08  4.31848230e+00 
 5.41750000e-08  4.31586675e+00 
 5.42250000e-08  4.31377090e+00 
 5.42750000e-08  4.31211405e+00 
 5.43250000e-08  4.31079763e+00 
 5.43750000e-08  4.30971370e+00 
 5.44250000e-08  4.30875525e+00 
 5.44750000e-08  4.30782731e+00 
 5.45250000e-08  4.30685758e+00 
 5.45750000e-08  4.30580550e+00 
 5.46250000e-08  4.30466864e+00 
 5.46750000e-08  4.30348564e+00 
 5.47250000e-08  4.30233516e+00 
 5.47750000e-08  4.30133098e+00 
 5.48250000e-08  4.30061345e+00 
 5.48750000e-08  4.30033810e+00 
 5.49250000e-08  4.30066256e+00 
 5.49750000e-08  4.30173304e+00 
 5.50250000e-08  4.30367167e+00 
 5.50750000e-08  4.30656606e+00 
 5.51250000e-08  4.31046213e+00 
 5.51750000e-08  4.31536085e+00 
 5.52250000e-08  4.32121938e+00 
 5.52750000e-08  4.32795634e+00 
 5.53250000e-08  4.33546079e+00 
 5.53750000e-08  4.34360382e+00 
 5.54250000e-08  4.35225175e+00 
 5.54750000e-08  4.36127936e+00 
 5.55250000e-08  4.37058196e+00 
 5.55750000e-08  4.38008494e+00 
 5.56250000e-08  4.38974991e+00 
 5.56750000e-08  4.39957679e+00 
 5.57250000e-08  4.40960168e+00 
 5.57750000e-08  4.41989080e+00 
 5.58250000e-08  4.43053114e+00 
 5.58750000e-08  4.44161895e+00 
 5.59250000e-08  4.45324710e+00 
 5.59750000e-08  4.46549287e+00 
 5.60250000e-08  4.47840732e+00 
 5.60750000e-08  4.49200739e+00 
 5.61250000e-08  4.50627145e+00 
 5.61750000e-08  4.52113888e+00 
 5.62250000e-08  4.53651350e+00 
 5.62750000e-08  4.55227059e+00 
 5.63250000e-08  4.56826667e+00 
 5.63750000e-08  4.58435093e+00 
 5.64250000e-08  4.60037734e+00 
 5.64750000e-08  4.61621588e+00 
 5.65250000e-08  4.63176206e+00 
 5.65750000e-08  4.64694365e+00 
 5.66250000e-08  4.66172407e+00 
 5.66750000e-08  4.67610224e+00 
 5.67250000e-08  4.69010895e+00 
 5.67750000e-08  4.70380034e+00 
 5.68250000e-08  4.71724922e+00 
 5.68750000e-08  4.73053530e+00 
 5.69250000e-08  4.74373524e+00 
 5.69750000e-08  4.75691377e+00 
 5.70250000e-08  4.77011666e+00 
 5.70750000e-08  4.78336615e+00 
 5.71250000e-08  4.79665934e+00 
 5.71750000e-08  4.80996945e+00 
 5.72250000e-08  4.82324971e+00 
 5.72750000e-08  4.83643928e+00 
 5.73250000e-08  4.84947049e+00 
 5.73750000e-08  4.86227646e+00 
 5.74250000e-08  4.87479825e+00 
 5.74750000e-08  4.88699070e+00 
 5.75250000e-08  4.89882653e+00 
 5.75750000e-08  4.91029810e+00 
 5.76250000e-08  4.92141693e+00 
 5.76750000e-08  4.93221108e+00 
 5.77250000e-08  4.94272096e+00 
 5.77750000e-08  4.95299393e+00 
 5.78250000e-08  4.96307868e+00 
 5.78750000e-08  4.97301996e+00 
 5.79250000e-08  4.98285423e+00 
 5.79750000e-08  4.99260692e+00 
 5.80250000e-08  5.00229137e+00 
 5.80750000e-08  5.01190952e+00 
 5.81250000e-08  5.02145421e+00 
 5.81750000e-08  5.03091263e+00 
 5.82250000e-08  5.04027032e+00 
 5.82750000e-08  5.04951514e+00 
 5.83250000e-08  5.05864065e+00 
 5.83750000e-08  5.06764827e+00 
 5.84250000e-08  5.07654795e+00 
 5.84750000e-08  5.08535722e+00 
 5.85250000e-08  5.09409867e+00 
 5.85750000e-08  5.10279624e+00 
 5.86250000e-08  5.11147073e+00 
 5.86750000e-08  5.12013526e+00 
 5.87250000e-08  5.12879118e+00 
 5.87750000e-08  5.13742525e+00 
 5.88250000e-08  5.14600833e+00 
 5.88750000e-08  5.15449604e+00 
 5.89250000e-08  5.16283141e+00 
 5.89750000e-08  5.17094919e+00 
 5.90250000e-08  5.17878158e+00 
 5.90750000e-08  5.18626461e+00 
 5.91250000e-08  5.19334447e+00 
 5.91750000e-08  5.19998303e+00 
 5.92250000e-08  5.20616194e+00 
 5.92750000e-08  5.21188455e+00 
 5.93250000e-08  5.21717556e+00 
 5.93750000e-08  5.22207824e+00 
 5.94250000e-08  5.22664943e+00 
 5.94750000e-08  5.23095293e+00 
 5.95250000e-08  5.23505187e+00 
 5.95750000e-08  5.23900098e+00 
 5.96250000e-08  5.24283968e+00 
 5.96750000e-08  5.24658669e+00 
 5.97250000e-08  5.25023696e+00 
 5.97750000e-08  5.25376123e+00 
 5.98250000e-08  5.25710841e+00 
 5.98750000e-08  5.26021058e+00 
 5.99250000e-08  5.26299004e+00 
 5.99750000e-08  5.26536779e+00 
 6.00250000e-08  5.26727239e+00 
 6.00750000e-08  5.26864834e+00 
 6.01250000e-08  5.26946298e+00 
 6.01750000e-08  5.26971113e+00 
 6.02250000e-08  5.26941688e+00 
 6.02750000e-08  5.26863241e+00 
 6.03250000e-08  5.26743376e+00 
 6.03750000e-08  5.26591409e+00 
 6.04250000e-08  5.26417512e+00 
 6.04750000e-08  5.26231759e+00 
 6.05250000e-08  5.26043177e+00 
 6.05750000e-08  5.25858920e+00 
 6.06250000e-08  5.25683622e+00 
 6.06750000e-08  5.25519032e+00 
 6.07250000e-08  5.25363945e+00 
 6.07750000e-08  5.25214452e+00 
 6.08250000e-08  5.25064461e+00 
 6.08750000e-08  5.24906456e+00 
 6.09250000e-08  5.24732385e+00 
 6.09750000e-08  5.24534599e+00 
 6.10250000e-08  5.24306735e+00 
 6.10750000e-08  5.24044443e+00 
 6.11250000e-08  5.23745891e+00 
 6.11750000e-08  5.23411990e+00 
 6.12250000e-08  5.23046323e+00 
 6.12750000e-08  5.22654787e+00 
 6.13250000e-08  5.22244999e+00 
 6.13750000e-08  5.21825522e+00 
 6.14250000e-08  5.21405010e+00 
 6.14625000e-08  5.21093583e+00 
 6.15000000e-08  5.20788936e+00 
 6.15050000e-08  5.20749020e+00 
 6.15150000e-08  5.20669530e+00 
 6.15350000e-08  5.20512682e+00 
 6.15750000e-08  5.20208085e+00 
 6.16250000e-08  5.19844906e+00 
 6.16750000e-08  5.19500388e+00 
 6.17250000e-08  5.19171494e+00 
 6.17750000e-08  5.18853269e+00 
 6.18250000e-08  5.18539434e+00 
 6.18750000e-08  5.18223097e+00 
 6.19250000e-08  5.17897489e+00 
 6.19750000e-08  5.17556649e+00 
 6.20250000e-08  5.17195984e+00 
 6.20750000e-08  5.16812646e+00 
 6.21250000e-08  5.16405688e+00 
 6.21750000e-08  5.15975984e+00 
 6.22250000e-08  5.15525929e+00 
 6.22750000e-08  5.15058941e+00 
 6.23250000e-08  5.14578805e+00 
 6.23750000e-08  5.14088934e+00 
 6.24250000e-08  5.13591577e+00 
 6.24750000e-08  5.13087042e+00 
 6.25250000e-08  5.12572979e+00 
 6.25750000e-08  5.12043744e+00 
 6.26250000e-08  5.11489878e+00 
 6.26750000e-08  5.10897699e+00 
 6.27250000e-08  5.10249030e+00 
 6.27750000e-08  5.09521035e+00 
 6.28250000e-08  5.08686190e+00 
 6.28750000e-08  5.07712385e+00 
 6.29250000e-08  5.06563163e+00 
 6.29625000e-08  5.05563179e+00 
 6.30000000e-08  5.04423649e+00 
 6.30050000e-08  5.04258914e+00 
 6.30150000e-08  5.03923614e+00 
 6.30350000e-08  5.03216906e+00 
 6.30750000e-08  5.01647526e+00 
 6.31250000e-08  4.99362849e+00 
 6.31750000e-08  4.96675834e+00 
 6.32250000e-08  4.93539207e+00 
 6.32750000e-08  4.89908290e+00 
 6.33250000e-08  4.85742648e+00 
 6.33750000e-08  4.81007716e+00 
 6.34250000e-08  4.75676313e+00 
 6.34750000e-08  4.69729922e+00 
 6.35250000e-08  4.63159614e+00 
 6.35750000e-08  4.55966518e+00 
 6.36250000e-08  4.48161771e+00 
 6.36750000e-08  4.39765904e+00 
 6.37250000e-08  4.30807692e+00 
 6.37750000e-08  4.21322531e+00 
 6.38250000e-08  4.11350455e+00 
 6.38750000e-08  4.00933963e+00 
 6.39250000e-08  3.90115837e+00 
 6.39750000e-08  3.78937154e+00 
 6.40250000e-08  3.67435682e+00 
 6.40750000e-08  3.55644820e+00 
 6.41250000e-08  3.43593200e+00 
 6.41750000e-08  3.31304991e+00 
 6.42250000e-08  3.18800876e+00 
 6.42750000e-08  3.06099622e+00 
 6.43250000e-08  2.93220049e+00 
 6.43750000e-08  2.80183192e+00 
 6.44250000e-08  2.67014406e+00 
 6.44750000e-08  2.53745141e+00 
 6.45250000e-08  2.40414163e+00 
 6.45750000e-08  2.27068024e+00 
 6.46250000e-08  2.13760664e+00 
 6.46750000e-08  2.00552121e+00 
 6.47250000e-08  1.87506398e+00 
 6.47750000e-08  1.74688653e+00 
 6.48250000e-08  1.62161940e+00 
 6.48750000e-08  1.49983785e+00 
 6.49250000e-08  1.38202921e+00 
 6.49750000e-08  1.26856488e+00 
 6.50250000e-08  1.15967976e+00 
 6.50750000e-08  1.05546128e+00 
 6.51250000e-08  9.55849054e-01 
 6.51750000e-08  8.60645589e-01 
 6.52250000e-08  7.69536985e-01 
 6.52750000e-08  6.82121850e-01 
 6.53250000e-08  5.97945776e-01 
 6.53750000e-08  5.16538196e-01 
 6.54250000e-08  4.37448243e-01 
 6.54750000e-08  3.60276363e-01 
 6.55250000e-08  2.84698946e-01 
 6.55750000e-08  2.10483908e-01 
 6.56250000e-08  1.37496194e-01 
 6.56750000e-08  6.56931100e-02 
 6.57250000e-08 -4.88951124e-03 
 6.57750000e-08 -7.41584709e-02 
 6.58250000e-08 -1.41989149e-01 
 6.58750000e-08 -2.08253307e-01 
 6.59250000e-08 -2.72845758e-01 
 6.59750000e-08 -3.35707132e-01 
 6.60250000e-08 -3.96840516e-01 
 6.60750000e-08 -4.56320470e-01 
 6.61250000e-08 -5.14293760e-01 
 6.61750000e-08 -5.70972094e-01 
 6.62250000e-08 -6.26617911e-01 
 6.62750000e-08 -6.81524975e-01 
 6.63250000e-08 -7.35995959e-01 
 6.63750000e-08 -7.90319388e-01 
 6.64250000e-08 -8.44748244e-01 
 6.64750000e-08 -8.99482194e-01 
 6.65250000e-08 -9.54654911e-01 
 6.65750000e-08 -1.01032731e+00 
 6.66250000e-08 -1.06648683e+00 
 6.66750000e-08 -1.12305233e+00 
 6.67250000e-08 -1.17988343e+00 
 6.67750000e-08 -1.23679308e+00 
 6.68250000e-08 -1.29356161e+00 
 6.68750000e-08 -1.34995077e+00 
 6.69250000e-08 -1.40571644e+00 
 6.69750000e-08 -1.46061886e+00 
 6.70250000e-08 -1.51442993e+00 
 6.70750000e-08 -1.56693730e+00 
 6.71250000e-08 -1.61794569e+00 
 6.71750000e-08 -1.66727586e+00 
 6.72250000e-08 -1.71476228e+00 
 6.72750000e-08 -1.76025020e+00 
 6.73250000e-08 -1.80359310e+00 
 6.73750000e-08 -1.84465108e+00 
 6.74250000e-08 -1.88329062e+00 
 6.74750000e-08 -1.91938577e+00 
 6.75250000e-08 -1.95282052e+00 
 6.75750000e-08 -1.98349200e+00 
 6.76250000e-08 -2.01131373e+00 
 6.76750000e-08 -2.03621846e+00 
 6.77250000e-08 -2.05815981e+00 
 6.77750000e-08 -2.07711255e+00 
 6.78250000e-08 -2.09307111e+00 
 6.78750000e-08 -2.10604656e+00 
 6.79250000e-08 -2.11606248e+00 
 6.79750000e-08 -2.12315015e+00 
 6.80250000e-08 -2.12734403e+00 
 6.80750000e-08 -2.12867806e+00 
 6.81250000e-08 -2.12718367e+00 
 6.81750000e-08 -2.12288985e+00 
 6.82250000e-08 -2.11582565e+00 
 6.82750000e-08 -2.10602480e+00 
 6.83250000e-08 -2.09353221e+00 
 6.83750000e-08 -2.07841159e+00 
 6.84250000e-08 -2.06075309e+00 
 6.84750000e-08 -2.04068012e+00 
 6.85250000e-08 -2.01835408e+00 
 6.85750000e-08 -1.99397636e+00 
 6.86250000e-08 -1.96778670e+00 
 6.86750000e-08 -1.94005785e+00 
 6.87250000e-08 -1.91108654e+00 
 6.87750000e-08 -1.88118130e+00 
 6.88250000e-08 -1.85064816e+00 
 6.88750000e-08 -1.81977526e+00 
 6.89250000e-08 -1.78881792e+00 
 6.89750000e-08 -1.75798541e+00 
 6.90250000e-08 -1.72743085e+00 
 6.90750000e-08 -1.69724524e+00 
 6.91250000e-08 -1.66745622e+00 
 6.91750000e-08 -1.63803192e+00 
 6.92250000e-08 -1.60888947e+00 
 6.92750000e-08 -1.57990767e+00 
 6.93250000e-08 -1.55094259e+00 
 6.93750000e-08 -1.52184465e+00 
 6.94250000e-08 -1.49247572e+00 
 6.94750000e-08 -1.46272466e+00 
 6.95250000e-08 -1.43251976e+00 
 6.95750000e-08 -1.40183700e+00 
 6.96250000e-08 -1.37070337e+00 
 6.96750000e-08 -1.33919485e+00 
 6.97250000e-08 -1.30742942e+00 
 6.97750000e-08 -1.27555554e+00 
 6.98250000e-08 -1.24373733e+00 
 6.98750000e-08 -1.21213794e+00 
 6.99250000e-08 -1.18090236e+00 
 6.99750000e-08 -1.15014174e+00 
 7.00250000e-08 -1.11992033e+00 
 7.00750000e-08 -1.09024651e+00 
 7.01250000e-08 -1.06106881e+00 
 7.01750000e-08 -1.03227712e+00 
 7.02250000e-08 -1.00370937e+00 
 7.02750000e-08 -9.75162721e-01 
 7.03250000e-08 -9.46408688e-01 
 7.03750000e-08 -9.17210511e-01 
 7.04250000e-08 -8.87341446e-01 
 7.04750000e-08 -8.56602253e-01 
 7.05250000e-08 -8.24836342e-01 
 7.05750000e-08 -7.91941275e-01 
 7.06250000e-08 -7.57875618e-01 
 7.06750000e-08 -7.22660623e-01 
 7.07250000e-08 -6.86376677e-01 
 7.07750000e-08 -6.49154959e-01 
 7.08250000e-08 -6.11165191e-01 
 7.08750000e-08 -5.72600728e-01 
 7.09250000e-08 -5.33662442e-01 
 7.09750000e-08 -4.94542990e-01 
 7.10250000e-08 -4.55412937e-01 
 7.10750000e-08 -4.16410022e-01 
 7.11250000e-08 -3.77632510e-01 
 7.11750000e-08 -3.39137128e-01 
 7.12250000e-08 -3.00941624e-01 
 7.12750000e-08 -2.63031511e-01 
 7.13250000e-08 -2.25370116e-01 
 7.13750000e-08 -1.87910771e-01 
 7.14250000e-08 -1.50609740e-01 
 7.14750000e-08 -1.13438480e-01 
 7.15250000e-08 -7.63938861e-02 
 7.15750000e-08 -3.95054704e-02 
 7.16250000e-08 -2.83873759e-03 
 7.16750000e-08  3.35055239e-02 
 7.17250000e-08  6.93958839e-02 
 7.17750000e-08  1.04678263e-01 
 7.18250000e-08  1.39186348e-01 
 7.18750000e-08  1.72753271e-01 
 7.19250000e-08  2.05223278e-01 
 7.19750000e-08  2.36462178e-01 
 7.20250000e-08  2.66365532e-01 
 7.20750000e-08  2.94863830e-01 
 7.21250000e-08  3.21924286e-01 
 7.21750000e-08  3.47549266e-01 
 7.22250000e-08  3.71771762e-01 
 7.22750000e-08  3.94648604e-01 
 7.23250000e-08  4.16252376e-01 
 7.23750000e-08  4.36663036e-01 
 7.24250000e-08  4.55960246e-01 
 7.24750000e-08  4.74217236e-01 
 7.25250000e-08  4.91496786e-01 
 7.25750000e-08  5.07849567e-01 
 7.26250000e-08  5.23314775e-01 
 7.26750000e-08  5.37922648e-01 
 7.27250000e-08  5.51698252e-01 
 7.27750000e-08  5.64665727e-01 
 7.28250000e-08  5.76852210e-01 
 7.28750000e-08  5.88290695e-01 
 7.29250000e-08  5.99021317e-01 
 7.29750000e-08  6.09090795e-01 
 7.30250000e-08  6.18550079e-01 
 7.30750000e-08  6.27450566e-01 
 7.31250000e-08  6.35839460e-01 
 7.31750000e-08  6.43755057e-01 
 7.32250000e-08  6.51222746e-01 
 7.32750000e-08  6.58252489e-01 
 7.33250000e-08  6.64838322e-01 
 7.33750000e-08  6.70960174e-01 
 7.34250000e-08  6.76587942e-01 
 7.34750000e-08  6.81687462e-01 
 7.35250000e-08  6.86227657e-01 
 7.35750000e-08  6.90187983e-01 
 7.36250000e-08  6.93565120e-01 
 7.36750000e-08  6.96377942e-01 
 7.37250000e-08  6.98669916e-01 
 7.37750000e-08  7.00508379e-01 
 7.38250000e-08  7.01980515e-01 
 7.38750000e-08  7.03186268e-01 
 7.39250000e-08  7.04228812e-01 
 7.39750000e-08  7.05203581e-01 
 7.40250000e-08  7.06187053e-01 
 7.40750000e-08  7.07226636e-01 
 7.41250000e-08  7.08332880e-01 
 7.41750000e-08  7.09475084e-01 
 7.42250000e-08  7.10580960e-01 
 7.42750000e-08  7.11540632e-01 
 7.43250000e-08  7.12214692e-01 
 7.43750000e-08  7.12445627e-01 
 7.44250000e-08  7.12071468e-01 
 7.44750000e-08  7.10940285e-01 
 7.45250000e-08  7.08923976e-01 
 7.45750000e-08  7.05929887e-01 
 7.46250000e-08  7.01908989e-01 
 7.46750000e-08  6.96859721e-01 
 7.47250000e-08  6.90827073e-01 
 7.47750000e-08  6.83896996e-01 
 7.48250000e-08  6.76186766e-01 
 7.48750000e-08  6.67832337e-01 
 7.49250000e-08  6.58974073e-01 
 7.49750000e-08  6.49742426e-01 
 7.50250000e-08  6.40245074e-01 
 7.50750000e-08  6.30556928e-01 
 7.51250000e-08  6.20714016e-01 
 7.51750000e-08  6.10711868e-01 
 7.52250000e-08  6.00508476e-01 
 7.52750000e-08  5.90031446e-01 
 7.53250000e-08  5.79188457e-01 
 7.53750000e-08  5.67879844e-01 
 7.54250000e-08  5.56011877e-01 
 7.54750000e-08  5.43509289e-01 
 7.55250000e-08  5.30325712e-01 
 7.55750000e-08  5.16450948e-01 
 7.56250000e-08  5.01914363e-01 
 7.56750000e-08  4.86784156e-01 
 7.57250000e-08  4.71162674e-01 
 7.57750000e-08  4.55178383e-01 
 7.58250000e-08  4.38975450e-01 
 7.58750000e-08  4.22702071e-01 
 7.59250000e-08  4.06498809e-01 
 7.59750000e-08  3.90488117e-01 
 7.60250000e-08  3.74766064e-01 
 7.60750000e-08  3.59396987e-01 
 7.61250000e-08  3.44411445e-01 
 7.61750000e-08  3.29807498e-01 
 7.62250000e-08  3.15554972e-01 
 7.62750000e-08  3.01602086e-01 
 7.63250000e-08  2.87883600e-01 
 7.63750000e-08  2.74329566e-01 
 7.64250000e-08  2.60873729e-01 
 7.64750000e-08  2.47460769e-01 
 7.65250000e-08  2.34051723e-01 
 7.65750000e-08  2.20627206e-01 
 7.66250000e-08  2.07188268e-01 
 7.66750000e-08  1.93755035e-01 
 7.67250000e-08  1.80363458e-01 
 7.67750000e-08  1.67060691e-01 
 7.68250000e-08  1.53899702e-01 
 7.68750000e-08  1.40933762e-01 
 7.69250000e-08  1.28211378e-01 
 7.69750000e-08  1.15772155e-01 
 7.70250000e-08  1.03643914e-01 
 7.70750000e-08  9.18412323e-02 
 7.71250000e-08  8.03653827e-02 
 7.71750000e-08  6.92055220e-02 
 7.72250000e-08  5.83408503e-02 
 7.72750000e-08  4.77433923e-02 
 7.73250000e-08  3.73810269e-02 
 7.73750000e-08  2.72204118e-02 
 7.74250000e-08  1.72295063e-02 
 7.74750000e-08  7.37948324e-03 
 7.75250000e-08 -2.35408001e-03 
 7.75750000e-08 -1.19907383e-02 
 7.76250000e-08 -2.15453581e-02 
 7.76750000e-08 -3.10287810e-02 
 7.77250000e-08 -4.04487693e-02 
 7.77750000e-08 -4.98110120e-02 
 7.78250000e-08 -5.91199872e-02 
 7.78750000e-08 -6.83795119e-02 
 7.79250000e-08 -7.75928716e-02 
 7.79750000e-08 -8.67624915e-02 
 7.80250000e-08 -9.58891851e-02 
 7.80750000e-08 -1.04971085e-01 
 7.81250000e-08 -1.14002418e-01 
 7.81750000e-08 -1.22972309e-01 
 7.82250000e-08 -1.31863844e-01 
 7.82750000e-08 -1.40653563e-01 
 7.83250000e-08 -1.49311550e-01 
 7.83750000e-08 -1.57802219e-01 
 7.84250000e-08 -1.66085818e-01 
 7.84750000e-08 -1.74120568e-01 
 7.85250000e-08 -1.81865318e-01 
 7.85750000e-08 -1.89282461e-01 
 7.86250000e-08 -1.96340862e-01 
 7.86750000e-08 -2.03018448e-01 
 7.87250000e-08 -2.09304191e-01 
 7.87750000e-08 -2.15199188e-01 
 7.88250000e-08 -2.20716637e-01 
 7.88750000e-08 -2.25880629e-01 
 7.89250000e-08 -2.30723757e-01 
 7.89750000e-08 -2.35283714e-01 
 7.90250000e-08 -2.39599142e-01 
 7.90750000e-08 -2.43705134e-01 
 7.91250000e-08 -2.47628846e-01 
 7.91750000e-08 -2.51385686e-01 
 7.92250000e-08 -2.54976575e-01 
 7.92750000e-08 -2.58386628e-01 
 7.93250000e-08 -2.61585530e-01 
 7.93750000e-08 -2.64529684e-01 
 7.94250000e-08 -2.67166023e-01 
 7.94750000e-08 -2.69437191e-01 
 7.95250000e-08 -2.71287615e-01 
 7.95750000e-08 -2.72669864e-01 
 7.96250000e-08 -2.73550622e-01 
 7.96750000e-08 -2.73915585e-01 
 7.97250000e-08 -2.73772689e-01 
 7.97750000e-08 -2.73153220e-01 
 7.98250000e-08 -2.72110557e-01 
 7.98750000e-08 -2.70716560e-01 
 7.99250000e-08 -2.69055882e-01 
 7.99750000e-08 -2.67218708e-01 
 8.00250000e-08 -2.65292647e-01 
 8.00750000e-08 -2.63354620e-01 
 8.01250000e-08 -2.61463614e-01 
 8.01750000e-08 -2.59655116e-01 
 8.02250000e-08 -2.57937896e-01 
 8.02750000e-08 -2.56293548e-01 
 8.03250000e-08 -2.54678911e-01 
 8.03750000e-08 -2.53031186e-01 
 8.04250000e-08 -2.51275229e-01 
 8.04750000e-08 -2.49332286e-01 
 8.05250000e-08 -2.47129208e-01 
 8.05750000e-08 -2.44607159e-01 
 8.06250000e-08 -2.41728831e-01 
 8.06750000e-08 -2.38483355e-01 
 8.07250000e-08 -2.34888338e-01 
 8.07750000e-08 -2.30988766e-01 
 8.08250000e-08 -2.26852889e-01 
 8.08750000e-08 -2.22565505e-01 
 8.09250000e-08 -2.18219408e-01 
 8.09750000e-08 -2.13905925e-01 
 8.10250000e-08 -2.09705616e-01 
 8.10750000e-08 -2.05680157e-01 
 8.11250000e-08 -2.01866320e-01 
 8.11750000e-08 -1.98272687e-01 
 8.12250000e-08 -1.94879456e-01 
 8.12750000e-08 -1.91641303e-01 
 8.13250000e-08 -1.88492948e-01 
 8.13750000e-08 -1.85356738e-01 
 8.14250000e-08 -1.82151363e-01 
 8.14750000e-08 -1.78800682e-01 
 8.15250000e-08 -1.75241669e-01 
 8.15750000e-08 -1.71430588e-01 
 8.16250000e-08 -1.67346755e-01 
 8.16750000e-08 -1.62993537e-01 
 8.17250000e-08 -1.58396569e-01 
 8.17750000e-08 -1.53599512e-01 
 8.18250000e-08 -1.48657960e-01 
 8.18750000e-08 -1.43632280e-01 
 8.19250000e-08 -1.38580329e-01 
 8.19625000e-08 -1.34803125e-01 
 8.20000000e-08 -1.31055154e-01 
 8.20050000e-08 -1.30558556e-01 
 8.20150000e-08 -1.29566877e-01 
 8.20350000e-08 -1.27592866e-01 
 8.20750000e-08 -1.23682927e-01 
 8.21250000e-08 -1.18862302e-01 
 8.21750000e-08 -1.14099940e-01 
 8.22250000e-08 -1.09367519e-01 
 8.22750000e-08 -1.04629698e-01 
 8.23250000e-08 -9.98499360e-02 
 8.23750000e-08 -9.49962117e-02 
 8.24250000e-08 -9.00458686e-02 
 8.24750000e-08 -8.49889814e-02 
 8.25250000e-08 -7.98298205e-02 
 8.25750000e-08 -7.45862557e-02 
 8.26250000e-08 -6.92871926e-02 
 8.26750000e-08 -6.39683687e-02 
 8.27250000e-08 -5.86670088e-02 
 8.27750000e-08 -5.34159259e-02 
 8.28250000e-08 -4.82376616e-02 
 8.28750000e-08 -4.31391686e-02 
 8.29250000e-08 -3.81073885e-02 
 8.29750000e-08 -3.31058790e-02 
 8.30250000e-08 -2.80724437e-02 
 8.30750000e-08 -2.29175394e-02 
 8.31250000e-08 -1.75231207e-02 
 8.31750000e-08 -1.17415446e-02 
 8.32250000e-08 -5.39421355e-03 
 8.32750000e-08  1.73022531e-03 
 8.33250000e-08  9.87809639e-03 
 8.33750000e-08  1.93330612e-02 
 8.34250000e-08  3.04181270e-02 
 8.34625000e-08  4.00074437e-02 
 8.35000000e-08  5.08837191e-02 
 8.35050000e-08  5.24519741e-02 
 8.35150000e-08  5.56423341e-02 
 8.35350000e-08  6.23570594e-02 
 8.35750000e-08  7.72342686e-02 
 8.36250000e-08  9.88469724e-02 
 8.36750000e-08  1.24250714e-01 
 8.37250000e-08  1.53936817e-01 
 8.37750000e-08  1.88383784e-01 
 8.38250000e-08  2.28037686e-01 
 8.38750000e-08  2.73291558e-01 
 8.39250000e-08  3.24465424e-01 
 8.39750000e-08  3.81788721e-01 
 8.40250000e-08  4.45386834e-01 
 8.40750000e-08  5.15273260e-01 
 8.41250000e-08  5.91348436e-01 
 8.41750000e-08  6.73405749e-01 
 8.42250000e-08  7.61144508e-01 
 8.42750000e-08  8.54188988e-01 
 8.43250000e-08  9.52111972e-01 
 8.43750000e-08  1.05446070e+00 
 8.44250000e-08  1.16078282e+00 
 8.44750000e-08  1.27064977e+00 
 8.45250000e-08  1.38367535e+00 
 8.45750000e-08  1.49952746e+00 
 8.46250000e-08  1.61793199e+00 
 8.46750000e-08  1.73866817e+00 
 8.47250000e-08  1.86155615e+00 
 8.47750000e-08  1.98643807e+00 
 8.48250000e-08  2.11315473e+00 
 8.48750000e-08  2.24152056e+00 
 8.49250000e-08  2.37129997e+00 
 8.49625000e-08  2.46939282e+00 
 8.50000000e-08  2.56795565e+00 
