 0.00000000e+00  0.00000000e+00 
 5.00000000e-13  0.00000000e+00 
 1.00000000e-12  0.00000000e+00 
 2.00000000e-12  0.00000000e+00 
 4.00000000e-12  0.00000000e+00 
 8.00000000e-12  0.00000000e+00 
 1.60000000e-11  0.00000000e+00 
 3.20000000e-11  0.00000000e+00 
 6.40000000e-11  0.00000000e+00 
 1.14000000e-10  0.00000000e+00 
 1.64000000e-10  0.00000000e+00 
 2.14000000e-10  0.00000000e+00 
 2.64000000e-10  0.00000000e+00 
 3.14000000e-10  0.00000000e+00 
 3.64000000e-10  0.00000000e+00 
 4.14000000e-10  0.00000000e+00 
 4.64000000e-10  0.00000000e+00 
 5.14000000e-10  0.00000000e+00 
 5.64000000e-10  0.00000000e+00 
 6.14000000e-10  0.00000000e+00 
 6.64000000e-10  0.00000000e+00 
 7.14000000e-10  0.00000000e+00 
 7.64000000e-10  0.00000000e+00 
 8.14000000e-10  0.00000000e+00 
 8.64000000e-10  0.00000000e+00 
 9.14000000e-10  0.00000000e+00 
 9.64000000e-10  0.00000000e+00 
 1.01400000e-09  0.00000000e+00 
 1.06400000e-09  0.00000000e+00 
 1.11400000e-09  0.00000000e+00 
 1.16400000e-09  0.00000000e+00 
 1.21400000e-09  0.00000000e+00 
 1.26400000e-09  0.00000000e+00 
 1.31400000e-09  0.00000000e+00 
 1.36400000e-09  0.00000000e+00 
 1.41400000e-09  0.00000000e+00 
 1.46400000e-09  0.00000000e+00 
 1.51400000e-09  0.00000000e+00 
 1.56400000e-09  0.00000000e+00 
 1.61400000e-09  0.00000000e+00 
 1.66400000e-09  0.00000000e+00 
 1.71400000e-09  0.00000000e+00 
 1.76400000e-09  0.00000000e+00 
 1.81400000e-09  0.00000000e+00 
 1.86400000e-09  0.00000000e+00 
 1.91400000e-09  0.00000000e+00 
 1.95700000e-09  0.00000000e+00 
 2.00000000e-09  0.00000000e+00 
 2.00067200e-09  4.42018319e-35 
 2.00201600e-09  1.19331549e-33 
 2.00470400e-09  4.33438964e-30 
 2.00805390e-09  4.10921831e-28 
 2.01475370e-09  1.35762528e-24 
 2.02815330e-09  8.50679252e-21 
 2.04841380e-09  3.81153583e-18 
 2.06730520e-09  5.06571649e-17 
 2.09393417e-09  1.98567214e-15 
 2.12749606e-09  6.60723131e-14 
 2.16490836e-09  1.09175950e-12 
 2.20902587e-09  1.61618957e-11 
 2.25902587e-09  1.86425967e-10 
 2.30902587e-09  1.28406036e-09 
 2.35902587e-09  6.59777923e-09 
 2.40902587e-09  2.76507019e-08 
 2.45902587e-09  9.92346091e-08 
 2.50902587e-09  3.14542395e-07 
 2.55902587e-09  8.99587953e-07 
 2.60902587e-09  2.35817167e-06 
 2.65902587e-09  5.73439354e-06 
 2.70902587e-09  1.30582804e-05 
 2.75902587e-09  2.80595122e-05 
 2.80902587e-09  5.72513290e-05 
 2.85902587e-09  1.11497228e-04 
 2.90902587e-09  2.08172088e-04 
 2.95902587e-09  3.74011954e-04 
 3.00902587e-09  6.48708767e-04 
 3.05902587e-09  1.08924563e-03 
 3.10902587e-09  1.77488517e-03 
 3.15902587e-09  2.81262222e-03 
 3.20902587e-09  4.34280019e-03 
 3.25902587e-09  6.54447907e-03 
 3.30902587e-09  9.64004691e-03 
 3.35902587e-09  1.38985002e-02 
 3.40902587e-09  1.96367979e-02 
 3.45451293e-09  2.64428297e-02 
 3.50000000e-09  3.50782969e-02 
 3.50500000e-09  3.61633262e-02 
 3.51500000e-09  3.83872957e-02 
 3.53500000e-09  4.31698795e-02 
 3.57500000e-09  5.41871408e-02 
 3.62500000e-09  7.09831792e-02 
 3.67500000e-09  9.15709009e-02 
 3.72500000e-09  1.16418315e-01 
 3.77500000e-09  1.45964586e-01 
 3.82500000e-09  1.80601515e-01 
 3.87500000e-09  2.20656042e-01 
 3.92500000e-09  2.66375116e-01 
 3.97500000e-09  3.17914203e-01 
 4.02500000e-09  3.75330496e-01 
 4.07500000e-09  4.38581572e-01 
 4.12500000e-09  5.07529819e-01 
 4.17500000e-09  5.81952459e-01 
 4.22500000e-09  6.61556488e-01 
 4.27500000e-09  7.45997375e-01 
 4.32500000e-09  8.34899959e-01 
 4.37500000e-09  9.27879718e-01 
 4.42500000e-09  1.02456248e+00 
 4.47500000e-09  1.12460073e+00 
 4.52500000e-09  1.22768495e+00 
 4.57500000e-09  1.33354887e+00 
 4.62500000e-09  1.44196811e+00 
 4.67500000e-09  1.55275236e+00 
 4.72500000e-09  1.66573188e+00 
 4.77500000e-09  1.78073990e+00 
 4.82500000e-09  1.89759272e+00 
 4.87500000e-09  2.01606992e+00 
 4.92500000e-09  2.13589702e+00 
 4.97500000e-09  2.25673280e+00 
 5.02500000e-09  2.37816311e+00 
 5.07500000e-09  2.49970234e+00 
 5.12500000e-09  2.62080316e+00 
 5.17500000e-09  2.74087390e+00 
 5.22500000e-09  2.85930264e+00 
 5.27500000e-09  2.97548583e+00 
 5.32500000e-09  3.08885917e+00 
 5.37500000e-09  3.19892779e+00 
 5.42500000e-09  3.30529300e+00 
 5.47500000e-09  3.40767307e+00 
 5.52500000e-09  3.50591593e+00 
 5.57500000e-09  3.60000252e+00 
 5.62500000e-09  3.69004053e+00 
 5.67500000e-09  3.77624880e+00 
 5.72500000e-09  3.85893410e+00 
 5.77500000e-09  3.93846223e+00 
 5.82500000e-09  4.01522627e+00 
 5.87500000e-09  4.08961476e+00 
 5.92500000e-09  4.16198293e+00 
 5.97500000e-09  4.23262927e+00 
 6.02500000e-09  4.30177949e+00 
 6.07500000e-09  4.36957904e+00 
 6.12500000e-09  4.43609429e+00 
 6.17500000e-09  4.50132197e+00 
 6.22500000e-09  4.56520515e+00 
 6.27500000e-09  4.62765399e+00 
 6.32500000e-09  4.68856851e+00 
 6.37500000e-09  4.74786114e+00 
 6.42500000e-09  4.80547637e+00 
 6.47500000e-09  4.86140574e+00 
 6.52500000e-09  4.91569672e+00 
 6.57500000e-09  4.96845480e+00 
 6.62500000e-09  5.01983899e+00 
 6.67500000e-09  5.07005158e+00 
 6.72500000e-09  5.11932346e+00 
 6.77500000e-09  5.16789690e+00 
 6.82500000e-09  5.21600770e+00 
 6.87500000e-09  5.26386861e+00 
 6.92500000e-09  5.31165567e+00 
 6.97500000e-09  5.35949847e+00 
 7.02500000e-09  5.40747522e+00 
 7.07500000e-09  5.45561243e+00 
 7.12500000e-09  5.50388876e+00 
 7.17500000e-09  5.55224219e+00 
 7.22500000e-09  5.60057917e+00 
 7.27500000e-09  5.64878452e+00 
 7.32500000e-09  5.69673069e+00 
 7.37500000e-09  5.74428556e+00 
 7.42500000e-09  5.79131787e+00 
 7.47500000e-09  5.83770019e+00 
 7.52500000e-09  5.88330937e+00 
 7.57500000e-09  5.92802526e+00 
 7.62500000e-09  5.97172807e+00 
 7.67500000e-09  6.01429561e+00 
 7.72500000e-09  6.05560110e+00 
 7.77500000e-09  6.09551225e+00 
 7.82500000e-09  6.13389212e+00 
 7.87500000e-09  6.17060196e+00 
 7.92500000e-09  6.20550564e+00 
 7.97500000e-09  6.23847537e+00 
 8.02500000e-09  6.26939773e+00 
 8.07500000e-09  6.29817934e+00 
 8.12500000e-09  6.32475122e+00 
 8.17500000e-09  6.34907119e+00 
 8.22500000e-09  6.37112373e+00 
 8.27500000e-09  6.39091735e+00 
 8.32500000e-09  6.40847964e+00 
 8.37500000e-09  6.42385047e+00 
 8.42500000e-09  6.43707437e+00 
 8.47500000e-09  6.44819297e+00 
 8.52500000e-09  6.45723859e+00 
 8.57500000e-09  6.46422998e+00 
 8.62500000e-09  6.46917075e+00 
 8.67500000e-09  6.47205109e+00 
 8.72500000e-09  6.47285258e+00 
 8.77500000e-09  6.47155566e+00 
 8.82500000e-09  6.46814910e+00 
 8.87500000e-09  6.46264015e+00 
 8.92500000e-09  6.45506438e+00 
 8.97500000e-09  6.44549371e+00 
 9.02500000e-09  6.43404164e+00 
 9.07500000e-09  6.42086483e+00 
 9.12500000e-09  6.40616053e+00 
 9.17500000e-09  6.39015980e+00 
 9.22500000e-09  6.37311704e+00 
 9.27500000e-09  6.35529673e+00 
 9.32500000e-09  6.33695833e+00 
 9.37500000e-09  6.31834113e+00 
 9.42500000e-09  6.29965010e+00 
 9.47500000e-09  6.28104451e+00 
 9.52500000e-09  6.26263008e+00 
 9.57500000e-09  6.24445576e+00 
 9.62500000e-09  6.22651521e+00 
 9.67500000e-09  6.20875303e+00 
 9.72500000e-09  6.19107503e+00 
 9.77500000e-09  6.17336159e+00 
 9.82500000e-09  6.15548283e+00 
 9.87500000e-09  6.13731412e+00 
 9.92500000e-09  6.11875053e+00 
 9.97500000e-09  6.09971879e+00 
 1.00250000e-08  6.08018575e+00 
 1.00750000e-08  6.06016264e+00 
 1.01250000e-08  6.03970473e+00 
 1.01750000e-08  6.01890657e+00 
 1.02250000e-08  5.99789335e+00 
 1.02750000e-08  5.97680928e+00 
 1.03250000e-08  5.95580409e+00 
 1.03750000e-08  5.93501899e+00 
 1.04250000e-08  5.91457346e+00 
 1.04750000e-08  5.89455396e+00 
 1.05250000e-08  5.87500563e+00 
 1.05750000e-08  5.85592780e+00 
 1.06250000e-08  5.83727347e+00 
 1.06750000e-08  5.81895288e+00 
 1.07250000e-08  5.80084072e+00 
 1.07750000e-08  5.78278634e+00 
 1.08250000e-08  5.76462593e+00 
 1.08750000e-08  5.74619560e+00 
 1.09250000e-08  5.72734421e+00 
 1.09750000e-08  5.70794473e+00 
 1.10250000e-08  5.68790339e+00 
 1.10750000e-08  5.66716562e+00 
 1.11250000e-08  5.64571856e+00 
 1.11750000e-08  5.62358995e+00 
 1.12250000e-08  5.60084363e+00 
 1.12750000e-08  5.57757220e+00 
 1.13250000e-08  5.55388765e+00 
 1.13750000e-08  5.52991086e+00 
 1.14250000e-08  5.50576101e+00 
 1.14750000e-08  5.48154598e+00 
 1.15250000e-08  5.45735452e+00 
 1.15750000e-08  5.43325101e+00 
 1.16250000e-08  5.40927309e+00 
 1.16750000e-08  5.38543233e+00 
 1.17250000e-08  5.36171788e+00 
 1.17750000e-08  5.33810233e+00 
 1.18250000e-08  5.31454932e+00 
 1.18750000e-08  5.29102192e+00 
 1.19250000e-08  5.26749085e+00 
 1.19750000e-08  5.24394164e+00 
 1.20250000e-08  5.22038001e+00 
 1.20750000e-08  5.19683486e+00 
 1.21250000e-08  5.17335867e+00 
 1.21750000e-08  5.15002526e+00 
 1.22250000e-08  5.12692520e+00 
 1.22750000e-08  5.10415956e+00 
 1.23250000e-08  5.08183253e+00 
 1.23750000e-08  5.06004398e+00 
 1.24250000e-08  5.03888252e+00 
 1.24750000e-08  5.01842007e+00 
 1.25250000e-08  4.99870820e+00 
 1.25750000e-08  4.97977679e+00 
 1.26250000e-08  4.96163482e+00 
 1.26750000e-08  4.94427323e+00 
 1.27250000e-08  4.92766924e+00 
 1.27750000e-08  4.91179149e+00 
 1.28250000e-08  4.89660539e+00 
 1.28750000e-08  4.88207787e+00 
 1.29250000e-08  4.86818093e+00 
 1.29750000e-08  4.85489363e+00 
 1.30250000e-08  4.84220238e+00 
 1.30750000e-08  4.83009943e+00 
 1.31250000e-08  4.81858020e+00 
 1.31750000e-08  4.80763966e+00 
 1.32250000e-08  4.79726863e+00 
 1.32750000e-08  4.78745057e+00 
 1.33250000e-08  4.77815947e+00 
 1.33750000e-08  4.76935936e+00 
 1.34250000e-08  4.76100553e+00 
 1.34750000e-08  4.75304750e+00 
 1.35250000e-08  4.74543344e+00 
 1.35750000e-08  4.73811534e+00 
 1.36250000e-08  4.73105442e+00 
 1.36750000e-08  4.72422585e+00 
 1.37250000e-08  4.71762204e+00 
 1.37750000e-08  4.71125405e+00 
 1.38250000e-08  4.70515052e+00 
 1.38750000e-08  4.69935426e+00 
 1.39250000e-08  4.69391673e+00 
 1.39750000e-08  4.68889082e+00 
 1.40250000e-08  4.68432297e+00 
 1.40750000e-08  4.68024541e+00 
 1.41250000e-08  4.67666963e+00 
 1.41750000e-08  4.67358191e+00 
 1.42250000e-08  4.67094171e+00 
 1.42750000e-08  4.66868311e+00 
 1.43250000e-08  4.66671955e+00 
 1.43750000e-08  4.66495127e+00 
 1.44250000e-08  4.66327486e+00 
 1.44750000e-08  4.66159383e+00 
 1.45250000e-08  4.65982900e+00 
 1.45750000e-08  4.65792761e+00 
 1.46250000e-08  4.65586987e+00 
 1.46750000e-08  4.65367234e+00 
 1.47250000e-08  4.65138742e+00 
 1.47750000e-08  4.64909911e+00 
 1.48250000e-08  4.64691528e+00 
 1.48750000e-08  4.64495728e+00 
 1.49250000e-08  4.64334804e+00 
 1.49750000e-08  4.64219986e+00 
 1.50250000e-08  4.64160333e+00 
 1.50750000e-08  4.64161852e+00 
 1.51250000e-08  4.64226945e+00 
 1.51750000e-08  4.64354241e+00 
 1.52250000e-08  4.64538836e+00 
 1.52750000e-08  4.64772902e+00 
 1.53250000e-08  4.65046597e+00 
 1.53750000e-08  4.65349174e+00 
 1.54250000e-08  4.65670158e+00 
 1.54750000e-08  4.66000465e+00 
 1.55250000e-08  4.66333330e+00 
 1.55750000e-08  4.66664955e+00 
 1.56250000e-08  4.66994798e+00 
 1.56750000e-08  4.67325489e+00 
 1.57250000e-08  4.67662394e+00 
 1.57750000e-08  4.68012868e+00 
 1.58250000e-08  4.68385307e+00 
 1.58750000e-08  4.68788106e+00 
 1.59250000e-08  4.69228638e+00 
 1.59750000e-08  4.69712369e+00 
 1.60250000e-08  4.70242211e+00 
 1.60750000e-08  4.70818165e+00 
 1.61250000e-08  4.71437296e+00 
 1.61750000e-08  4.72094018e+00 
 1.62250000e-08  4.72780648e+00 
 1.62750000e-08  4.73488170e+00 
 1.63250000e-08  4.74207087e+00 
 1.63750000e-08  4.74928296e+00 
 1.64250000e-08  4.75643854e+00 
 1.64750000e-08  4.76347595e+00 
 1.65250000e-08  4.77035502e+00 
 1.65750000e-08  4.77705836e+00 
 1.66250000e-08  4.78359016e+00 
 1.66750000e-08  4.78997273e+00 
 1.67250000e-08  4.79624149e+00 
 1.67750000e-08  4.80243894e+00 
 1.68250000e-08  4.80860856e+00 
 1.68750000e-08  4.81478911e+00 
 1.69250000e-08  4.82101017e+00 
 1.69750000e-08  4.82728920e+00 
 1.70250000e-08  4.83363030e+00 
 1.70750000e-08  4.84002484e+00 
 1.71250000e-08  4.84645338e+00 
 1.71750000e-08  4.85288885e+00 
 1.72250000e-08  4.85930024e+00 
 1.72750000e-08  4.86565644e+00 
 1.73250000e-08  4.87192959e+00 
 1.73750000e-08  4.87809770e+00 
 1.74250000e-08  4.88414620e+00 
 1.74750000e-08  4.89006837e+00 
 1.75250000e-08  4.89586469e+00 
 1.75750000e-08  4.90154129e+00 
 1.76250000e-08  4.90710790e+00 
 1.76750000e-08  4.91257552e+00 
 1.77250000e-08  4.91795425e+00 
 1.77750000e-08  4.92325156e+00 
 1.78250000e-08  4.92847119e+00 
 1.78750000e-08  4.93361288e+00 
 1.79250000e-08  4.93867282e+00 
 1.79750000e-08  4.94364478e+00 
 1.80250000e-08  4.94852171e+00 
 1.80750000e-08  4.95329755e+00 
 1.81250000e-08  4.95796896e+00 
 1.81750000e-08  4.96253678e+00 
 1.82250000e-08  4.96700688e+00 
 1.82750000e-08  4.97139042e+00 
 1.83250000e-08  4.97570337e+00 
 1.83750000e-08  4.97996530e+00 
 1.84250000e-08  4.98419773e+00 
 1.84750000e-08  4.98842199e+00 
 1.85250000e-08  4.99265696e+00 
 1.85750000e-08  4.99691698e+00 
 1.86250000e-08  5.00120996e+00 
 1.86750000e-08  5.00553615e+00 
 1.87250000e-08  5.00988744e+00 
 1.87750000e-08  5.01424753e+00 
 1.88250000e-08  5.01859280e+00 
 1.88750000e-08  5.02289388e+00 
 1.89250000e-08  5.02711779e+00 
 1.89750000e-08  5.03123055e+00 
 1.90250000e-08  5.03519983e+00 
 1.90750000e-08  5.03899771e+00 
 1.91250000e-08  5.04260300e+00 
 1.91750000e-08  5.04600315e+00 
 1.92250000e-08  5.04919539e+00 
 1.92750000e-08  5.05218708e+00 
 1.93250000e-08  5.05499512e+00 
 1.93750000e-08  5.05764448e+00 
 1.94250000e-08  5.06016591e+00 
 1.94750000e-08  5.06259306e+00 
 1.95250000e-08  5.06495909e+00 
 1.95750000e-08  5.06729328e+00 
 1.96250000e-08  5.06961779e+00 
 1.96750000e-08  5.07194497e+00 
 1.97250000e-08  5.07427555e+00 
 1.97750000e-08  5.07659785e+00 
 1.98250000e-08  5.07888824e+00 
 1.98750000e-08  5.08111287e+00 
 1.99250000e-08  5.08323057e+00 
 1.99750000e-08  5.08519661e+00 
 2.00250000e-08  5.08696719e+00 
 2.00750000e-08  5.08850395e+00 
 2.01250000e-08  5.08977833e+00 
 2.01750000e-08  5.09077503e+00 
 2.02250000e-08  5.09149436e+00 
 2.02750000e-08  5.09195304e+00 
 2.03250000e-08  5.09218338e+00 
 2.03750000e-08  5.09223075e+00 
 2.04250000e-08  5.09214963e+00 
 2.04750000e-08  5.09199850e+00 
 2.05250000e-08  5.09183416e+00 
 2.05750000e-08  5.09170611e+00 
 2.06250000e-08  5.09165144e+00 
 2.06750000e-08  5.09169100e+00 
 2.07250000e-08  5.09182721e+00 
 2.07633955e-08  5.09198885e+00 
 2.07960970e-08  5.09215444e+00 
 2.08308617e-08  5.09234421e+00 
 2.08685353e-08  5.09254635e+00 
 2.09103296e-08  5.09273797e+00 
 2.09603296e-08  5.09287624e+00 
 2.10103296e-08  5.09286638e+00 
 2.10603296e-08  5.09266367e+00 
 2.11103296e-08  5.09223756e+00 
 2.11603296e-08  5.09157543e+00 
 2.12103296e-08  5.09068426e+00 
 2.12603296e-08  5.08959015e+00 
 2.13103296e-08  5.08833568e+00 
 2.13603296e-08  5.08697538e+00 
 2.14103296e-08  5.08556990e+00 
 2.14551648e-08  5.08432001e+00 
 2.15000000e-08  5.08312158e+00 
 2.15050000e-08  5.08299290e+00 
 2.15150000e-08  5.08273781e+00 
 2.15350000e-08  5.08224194e+00 
 2.15750000e-08  5.08131296e+00 
 2.16250000e-08  5.08027644e+00 
 2.16750000e-08  5.07937633e+00 
 2.17250000e-08  5.07859384e+00 
 2.17750000e-08  5.07789465e+00 
 2.18250000e-08  5.07723342e+00 
 2.18750000e-08  5.07655955e+00 
 2.19250000e-08  5.07582329e+00 
 2.19750000e-08  5.07498165e+00 
 2.20250000e-08  5.07400322e+00 
 2.20750000e-08  5.07287139e+00 
 2.21250000e-08  5.07158558e+00 
 2.21750000e-08  5.07016019e+00 
 2.22250000e-08  5.06862147e+00 
 2.22750000e-08  5.06700253e+00 
 2.23250000e-08  5.06533693e+00 
 2.23750000e-08  5.06365152e+00 
 2.24250000e-08  5.06195896e+00 
 2.24750000e-08  5.06025067e+00 
 2.25250000e-08  5.05849057e+00 
 2.25750000e-08  5.05660989e+00 
 2.26250000e-08  5.05450330e+00 
 2.26750000e-08  5.05202631e+00 
 2.27250000e-08  5.04899393e+00 
 2.27750000e-08  5.04518029e+00 
 2.28250000e-08  5.04031935e+00 
 2.28750000e-08  5.03410636e+00 
 2.29250000e-08  5.02620026e+00 
 2.29625000e-08  5.01894695e+00 
 2.30000000e-08  5.01036398e+00 
 2.30050000e-08  5.00909800e+00 
 2.30150000e-08  5.00651083e+00 
 2.30350000e-08  5.00099481e+00 
 2.30750000e-08  4.98849075e+00 
 2.31250000e-08  4.96982181e+00 
 2.31750000e-08  4.94737831e+00 
 2.32250000e-08  4.92072638e+00 
 2.32750000e-08  4.88945406e+00 
 2.33250000e-08  4.85318623e+00 
 2.33750000e-08  4.81159988e+00 
 2.34250000e-08  4.76443882e+00 
 2.34750000e-08  4.71152638e+00 
 2.35250000e-08  4.65277518e+00 
 2.35750000e-08  4.58819250e+00 
 2.36250000e-08  4.51788073e+00 
 2.36750000e-08  4.44203217e+00 
 2.37250000e-08  4.36091841e+00 
 2.37750000e-08  4.27487478e+00 
 2.38250000e-08  4.18428106e+00 
 2.38750000e-08  4.08954003e+00 
 2.39250000e-08  3.99105587e+00 
 2.39750000e-08  3.88921444e+00 
 2.40250000e-08  3.78436738e+00 
 2.40750000e-08  3.67682189e+00 
 2.41250000e-08  3.56683714e+00 
 2.41750000e-08  3.45462792e+00 
 2.42250000e-08  3.34037520e+00 
 2.42750000e-08  3.22424240e+00 
 2.43250000e-08  3.10639571e+00 
 2.43750000e-08  2.98702600e+00 
 2.44250000e-08  2.86636972e+00 
 2.44750000e-08  2.74472612e+00 
 2.45250000e-08  2.62246839e+00 
 2.45750000e-08  2.50004696e+00 
 2.46250000e-08  2.37798382e+00 
 2.46750000e-08  2.25685797e+00 
 2.47250000e-08  2.13728260e+00 
 2.47750000e-08  2.01987615e+00 
 2.48250000e-08  1.90522951e+00 
 2.48750000e-08  1.79387259e+00 
 2.49250000e-08  1.68624348e+00 
 2.49750000e-08  1.58266315e+00 
 2.50250000e-08  1.48331838e+00 
 2.50750000e-08  1.38825465e+00 
 2.51250000e-08  1.29737978e+00 
 2.51750000e-08  1.21047803e+00 
 2.52250000e-08  1.12723346e+00 
 2.52750000e-08  1.04726020e+00 
 2.53250000e-08  9.70136668e-01 
 2.53750000e-08  8.95440726e-01 
 2.54250000e-08  8.22782170e-01 
 2.54750000e-08  7.51829815e-01 
 2.55250000e-08  6.82330742e-01 
 2.55750000e-08  6.14120280e-01 
 2.56250000e-08  5.47122234e-01 
 2.56750000e-08  4.81339924e-01 
 2.57250000e-08  4.16839491e-01 
 2.57750000e-08  3.53727680e-01 
 2.58250000e-08  2.92126789e-01 
 2.58750000e-08  2.32149603e-01 
 2.59250000e-08  1.73877022e-01 
 2.59750000e-08  1.17340629e-01 
 2.60250000e-08  6.25117859e-02 
 2.60750000e-08  9.29807801e-03 
 2.61250000e-08 -4.24529561e-02 
 2.61750000e-08 -9.29436259e-02 
 2.62250000e-08 -1.42410899e-01 
 2.62750000e-08 -1.91108130e-01 
 2.63250000e-08 -2.39285825e-01 
 2.63750000e-08 -2.87173486e-01 
 2.64250000e-08 -3.34964302e-01 
 2.64750000e-08 -3.82804000e-01 
 2.65250000e-08 -4.30784563e-01 
 2.65750000e-08 -4.78942946e-01 
 2.66250000e-08 -5.27264311e-01 
 2.66750000e-08 -5.75688873e-01 
 2.67250000e-08 -6.24121121e-01 
 2.67750000e-08 -6.72440056e-01 
 2.68250000e-08 -7.20509150e-01 
 2.68750000e-08 -7.68184946e-01 
 2.69250000e-08 -8.15323557e-01 
 2.69750000e-08 -8.61784714e-01 
 2.70250000e-08 -9.07433434e-01 
 2.70750000e-08 -9.52139705e-01 
 2.71250000e-08 -9.95776876e-01 
 2.71750000e-08 -1.03821954e+00 
 2.72250000e-08 -1.07934168e+00 
 2.72750000e-08 -1.11901584e+00 
 2.73250000e-08 -1.15711356e+00 
 2.73750000e-08 -1.19350748e+00 
 2.74250000e-08 -1.22807464e+00 
 2.74750000e-08 -1.26070092e+00 
 2.75250000e-08 -1.29128562e+00 
 2.75750000e-08 -1.31974578e+00 
 2.76250000e-08 -1.34601933e+00 
 2.76750000e-08 -1.37006671e+00 
 2.77250000e-08 -1.39187038e+00 
 2.77750000e-08 -1.41143247e+00 
 2.78250000e-08 -1.42877048e+00 
 2.78750000e-08 -1.44391187e+00 
 2.79250000e-08 -1.45688791e+00 
 2.79750000e-08 -1.46772798e+00 
 2.80250000e-08 -1.47645481e+00 
 2.80750000e-08 -1.48308162e+00 
 2.81250000e-08 -1.48761157e+00 
 2.81750000e-08 -1.49003972e+00 
 2.82250000e-08 -1.49035749e+00 
 2.82750000e-08 -1.48855902e+00 
 2.83250000e-08 -1.48464904e+00 
 2.83750000e-08 -1.47865101e+00 
 2.84250000e-08 -1.47061477e+00 
 2.84750000e-08 -1.46062263e+00 
 2.85250000e-08 -1.44879308e+00 
 2.85750000e-08 -1.43528147e+00 
 2.86250000e-08 -1.42027737e+00 
 2.86750000e-08 -1.40399865e+00 
 2.87250000e-08 -1.38668258e+00 
 2.87750000e-08 -1.36857477e+00 
 2.88250000e-08 -1.34991664e+00 
 2.88750000e-08 -1.33093281e+00 
 2.89250000e-08 -1.31181922e+00 
 2.89750000e-08 -1.29273324e+00 
 2.90250000e-08 -1.27378661e+00 
 2.90750000e-08 -1.25504176e+00 
 2.91250000e-08 -1.23651202e+00 
 2.91750000e-08 -1.21816552e+00 
 2.92250000e-08 -1.19993261e+00 
 2.92750000e-08 -1.18171607e+00 
 2.93250000e-08 -1.16340326e+00 
 2.93750000e-08 -1.14487914e+00 
 2.94250000e-08 -1.12603917e+00 
 2.94750000e-08 -1.10680076e+00 
 2.95250000e-08 -1.08711256e+00 
 2.95750000e-08 -1.06696060e+00 
 2.96250000e-08 -1.04637092e+00 
 2.96750000e-08 -1.02540828e+00 
 2.97250000e-08 -1.00417132e+00 
 2.97750000e-08 -9.82784289e-01 
 2.98250000e-08 -9.61386319e-01 
 2.98750000e-08 -9.40118979e-01 
 2.99250000e-08 -9.19113319e-01 
 2.99750000e-08 -8.98477484e-01 
 3.00250000e-08 -8.78286058e-01 
 3.00750000e-08 -8.58572099e-01 
 3.01250000e-08 -8.39322641e-01 
 3.01750000e-08 -8.20478141e-01 
 3.02250000e-08 -8.01935997e-01 
 3.02750000e-08 -7.83557901e-01 
 3.03250000e-08 -7.65180436e-01 
 3.03750000e-08 -7.46628026e-01 
 3.04250000e-08 -7.27727089e-01 
 3.04750000e-08 -7.08320140e-01 
 3.05250000e-08 -6.88278531e-01 
 3.05750000e-08 -6.67512688e-01 
 3.06250000e-08 -6.45978843e-01 
 3.06750000e-08 -6.23681670e-01 
 3.07250000e-08 -6.00672573e-01 
 3.07750000e-08 -5.77043812e-01 
 3.08250000e-08 -5.52919084e-01 
 3.08750000e-08 -5.28441523e-01 
 3.09250000e-08 -5.03760337e-01 
 3.09750000e-08 -4.79017461e-01 
 3.10250000e-08 -4.54335580e-01 
 3.10750000e-08 -4.29808746e-01 
 3.11250000e-08 -4.05496502e-01 
 3.11750000e-08 -3.81422077e-01 
 3.12250000e-08 -3.57574749e-01 
 3.12750000e-08 -3.33916011e-01 
 3.13250000e-08 -3.10388787e-01 
 3.13750000e-08 -2.86928583e-01 
 3.14250000e-08 -2.63475271e-01 
 3.14750000e-08 -2.39984155e-01 
 3.15250000e-08 -2.16435042e-01 
 3.15750000e-08 -1.92838334e-01 
 3.16250000e-08 -1.69237459e-01 
 3.16750000e-08 -1.45707453e-01 
 3.17250000e-08 -1.22349906e-01 
 3.17750000e-08 -9.92849378e-02 
 3.18250000e-08 -7.66411972e-02 
 3.18750000e-08 -5.45450727e-02 
 3.19250000e-08 -3.31103896e-02 
 3.19750000e-08 -1.24297574e-02 
 3.20250000e-08  7.43149412e-03 
 3.20750000e-08  2.64381971e-02 
 3.21250000e-08  4.45848634e-02 
 3.21750000e-08  6.18920762e-02 
 3.22250000e-08  7.84003748e-02 
 3.22750000e-08  9.41625450e-02 
 3.23250000e-08  1.09235393e-01 
 3.23750000e-08  1.23672104e-01 
 3.24250000e-08  1.37516155e-01 
 3.24750000e-08  1.50797520e-01 
 3.25250000e-08  1.63531532e-01 
 3.25750000e-08  1.75720415e-01 
 3.26250000e-08  1.87357091e-01 
 3.26750000e-08  1.98430563e-01 
 3.27250000e-08  2.08931964e-01 
 3.27750000e-08  2.18860263e-01 
 3.28250000e-08  2.28226690e-01 
 3.28750000e-08  2.37057139e-01 
 3.29250000e-08  2.45392092e-01 
 3.29750000e-08  2.53284005e-01 
 3.30250000e-08  2.60792440e-01 
 3.30750000e-08  2.67977613e-01 
 3.31250000e-08  2.74893254e-01 
 3.31750000e-08  2.81579818e-01 
 3.32250000e-08  2.88059091e-01 
 3.32750000e-08  2.94331035e-01 
 3.33250000e-08  3.00373492e-01 
 3.33750000e-08  3.06144933e-01 
 3.34250000e-08  3.11590070e-01 
 3.34750000e-08  3.16647709e-01 
 3.35250000e-08  3.21259928e-01 
 3.35750000e-08  3.25381412e-01 
 3.36250000e-08  3.28987723e-01 
 3.36750000e-08  3.32081373e-01 
 3.37250000e-08  3.34694807e-01 
 3.37750000e-08  3.36889751e-01 
 3.38250000e-08  3.38752852e-01 
 3.38750000e-08  3.40387966e-01 
 3.39250000e-08  3.41905914e-01 
 3.39750000e-08  3.43412847e-01 
 3.40250000e-08  3.44998554e-01 
 3.40750000e-08  3.46726118e-01 
 3.41250000e-08  3.48624154e-01 
 3.41750000e-08  3.50682625e-01 
 3.42250000e-08  3.52852774e-01 
 3.42750000e-08  3.55051272e-01 
 3.43250000e-08  3.57168163e-01 
 3.43750000e-08  3.59077755e-01 
 3.44250000e-08  3.60651248e-01 
 3.44750000e-08  3.61769696e-01 
 3.45250000e-08  3.62335852e-01 
 3.45750000e-08  3.62283603e-01 
 3.46250000e-08  3.61583952e-01 
 3.46750000e-08  3.60246944e-01 
 3.47250000e-08  3.58319384e-01 
 3.47750000e-08  3.55878676e-01 
 3.48250000e-08  3.53023563e-01 
 3.48750000e-08  3.49862862e-01 
 3.49250000e-08  3.46503511e-01 
 3.49750000e-08  3.43039267e-01 
 3.50250000e-08  3.39541309e-01 
 3.50750000e-08  3.36051712e-01 
 3.51250000e-08  3.32580437e-01 
 3.51750000e-08  3.29106030e-01 
 3.52250000e-08  3.25579822e-01 
 3.52750000e-08  3.21933011e-01 
 3.53250000e-08  3.18085739e-01 
 3.53750000e-08  3.13957047e-01 
 3.54250000e-08  3.09474598e-01 
 3.54750000e-08  3.04583082e-01 
 3.55250000e-08  2.99250475e-01 
 3.55750000e-08  2.93471551e-01 
 3.56250000e-08  2.87268441e-01 
 3.56750000e-08  2.80688320e-01 
 3.57250000e-08  2.73798668e-01 
 3.57750000e-08  2.66680737e-01 
 3.58250000e-08  2.59422051e-01 
 3.58750000e-08  2.52108793e-01 
 3.59250000e-08  2.44818878e-01 
 3.59750000e-08  2.37616375e-01 
 3.60250000e-08  2.30547756e-01 
 3.60750000e-08  2.23640171e-01 
 3.61250000e-08  2.16901749e-01 
 3.61750000e-08  2.10323685e-01 
 3.62250000e-08  2.03883711e-01 
 3.62750000e-08  1.97550446e-01 
 3.63250000e-08  1.91288074e-01 
 3.63750000e-08  1.85060855e-01 
 3.64250000e-08  1.78837008e-01 
 3.64750000e-08  1.72591692e-01 
 3.65250000e-08  1.66308884e-01 
 3.65750000e-08  1.59982147e-01 
 3.66250000e-08  1.53614370e-01 
 3.66750000e-08  1.47216668e-01 
 3.67250000e-08  1.40806679e-01 
 3.67750000e-08  1.34406522e-01 
 3.68250000e-08  1.28040661e-01 
 3.68750000e-08  1.21733877e-01 
 3.69250000e-08  1.15509512e-01 
 3.69750000e-08  1.09388069e-01 
 3.70250000e-08  1.03386219e-01 
 3.70750000e-08  9.75161970e-02 
 3.71250000e-08  9.17855727e-02 
 3.71750000e-08  8.61973265e-02 
 3.72250000e-08  8.07501836e-02 
 3.72750000e-08  7.54391473e-02 
 3.73250000e-08  7.02561804e-02 
 3.73750000e-08  6.51909871e-02 
 3.74250000e-08  6.02318483e-02 
 3.74750000e-08  5.53664614e-02 
 3.75250000e-08  5.05827315e-02 
 3.75750000e-08  4.58694572e-02 
 3.76250000e-08  4.12168575e-02 
 3.76750000e-08  3.66168938e-02 
 3.77250000e-08  3.20633583e-02 
 3.77750000e-08  2.75517278e-02 
 3.78250000e-08  2.30788140e-02 
 3.78750000e-08  1.86422724e-02 
 3.79250000e-08  1.42400649e-02 
 3.79750000e-08  9.86998565e-03 
 3.80250000e-08  5.52936447e-03 
 3.80750000e-08  1.21504428e-03 
 3.81250000e-08 -3.07630755e-03 
 3.81750000e-08 -7.34754563e-03 
 3.82250000e-08 -1.16001054e-02 
 3.82750000e-08 -1.58328907e-02 
 3.83250000e-08 -2.00411596e-02 
 3.83750000e-08 -2.42156097e-02 
 3.84250000e-08 -2.83418683e-02 
 3.84750000e-08 -3.24005656e-02 
 3.85250000e-08 -3.63681040e-02 
 3.85750000e-08 -4.02181532e-02 
 3.86250000e-08 -4.39237902e-02 
 3.86750000e-08 -4.74601001e-02 
 3.87250000e-08 -5.08069548e-02 
 3.87750000e-08 -5.39516245e-02 
 3.88250000e-08 -5.68908502e-02 
 3.88750000e-08 -5.96320362e-02 
 3.89250000e-08 -6.21932949e-02 
 3.89750000e-08 -6.46022050e-02 
 3.90250000e-08 -6.68932979e-02 
 3.90750000e-08 -6.91044568e-02 
 3.91250000e-08 -7.12725774e-02 
 3.91750000e-08 -7.34289658e-02 
 3.92250000e-08 -7.55950285e-02 
 3.92750000e-08 -7.77788178e-02 
 3.93250000e-08 -7.99729356e-02 
 3.93750000e-08 -8.21541624e-02 
 3.94250000e-08 -8.42849874e-02 
 3.94750000e-08 -8.63169894e-02 
 3.95250000e-08 -8.81957788e-02 
 3.95750000e-08 -8.98669997e-02 
 3.96250000e-08 -9.12827255e-02 
 3.96750000e-08 -9.24074945e-02 
 3.97250000e-08 -9.32232349e-02 
 3.97750000e-08 -9.37324256e-02 
 3.98250000e-08 -9.39590261e-02 
 3.98750000e-08 -9.39469589e-02 
 3.99250000e-08 -9.37562213e-02 
 3.99750000e-08 -9.34569929e-02 
 4.00250000e-08 -9.31223680e-02 
 4.00750000e-08 -9.28205277e-02 
 4.01250000e-08 -9.26072647e-02 
 4.01750000e-08 -9.25197566e-02 
 4.02250000e-08 -9.25723577e-02 
 4.02750000e-08 -9.27549534e-02 
 4.03250000e-08 -9.30341243e-02 
 4.03750000e-08 -9.33570316e-02 
 4.04250000e-08 -9.36576043e-02 
 4.04750000e-08 -9.38643246e-02 
 4.05250000e-08 -9.39087037e-02 
 4.05750000e-08 -9.37334488e-02 
 4.06250000e-08 -9.32993470e-02 
 4.06750000e-08 -9.25900432e-02 
 4.07250000e-08 -9.16141377e-02 
 4.07750000e-08 -9.04043541e-02 
 4.08250000e-08 -8.90138814e-02 
 4.08750000e-08 -8.75103382e-02 
 4.09250000e-08 -8.59680946e-02 
 4.09750000e-08 -8.44598838e-02 
 4.10250000e-08 -8.30487149e-02 
 4.10750000e-08 -8.17810550e-02 
 4.11250000e-08 -8.06820817e-02 
 4.11750000e-08 -7.97535456e-02 
 4.12250000e-08 -7.89744512e-02 
 4.12750000e-08 -7.83044197e-02 
 4.13250000e-08 -7.76892615e-02 
 4.13750000e-08 -7.70680267e-02 
 4.14250000e-08 -7.63806299e-02 
 4.14750000e-08 -7.55750935e-02 
 4.15250000e-08 -7.46135236e-02 
 4.15750000e-08 -7.34761139e-02 
 4.16250000e-08 -7.21627358e-02 
 4.16750000e-08 -7.06919961e-02 
 4.17250000e-08 -6.90979639e-02 
 4.17750000e-08 -6.74250654e-02 
 4.18250000e-08 -6.57218637e-02 
 4.18750000e-08 -6.40345685e-02 
 4.19250000e-08 -6.24011267e-02 
 4.19625000e-08 -6.12269133e-02 
 4.20000000e-08 -6.01030268e-02 
 4.20050000e-08 -5.99575105e-02 
 4.20150000e-08 -5.96682634e-02 
 4.20350000e-08 -5.91001573e-02 
 4.20750000e-08 -5.80009002e-02 
 4.21250000e-08 -5.66795478e-02 
 4.21750000e-08 -5.53874459e-02 
 4.22250000e-08 -5.40873385e-02 
 4.22750000e-08 -5.27418493e-02 
 4.23250000e-08 -5.13189197e-02 
 4.23750000e-08 -4.97963723e-02 
 4.24250000e-08 -4.81649961e-02 
 4.24750000e-08 -4.64297584e-02 
 4.25250000e-08 -4.46090047e-02 
 4.25750000e-08 -4.27317634e-02 
 4.26250000e-08 -4.08335142e-02 
 4.26750000e-08 -3.89509427e-02 
 4.27250000e-08 -3.71162991e-02 
 4.27750000e-08 -3.53519699e-02 
 4.28250000e-08 -3.36657754e-02 
 4.28750000e-08 -3.20473356e-02 
 4.29250000e-08 -3.04656337e-02 
 4.29750000e-08 -2.88676774e-02 
 4.30250000e-08 -2.71779654e-02 
 4.30750000e-08 -2.52983261e-02 
 4.31250000e-08 -2.31076493e-02 
 4.31750000e-08 -2.04610770e-02 
 4.32250000e-08 -1.71883655e-02 
 4.32750000e-08 -1.30913514e-02 
 4.33250000e-08 -7.94071998e-03 
 4.33750000e-08 -1.47254802e-03 
 4.34250000e-08  6.61467607e-03 
 4.34625000e-08  1.39354569e-02 
 4.35000000e-08  2.25145340e-02 
 4.35050000e-08  2.37735446e-02 
 4.35150000e-08  2.63439459e-02 
 4.35350000e-08  3.18093507e-02 
 4.35750000e-08  4.41443062e-02 
 4.36250000e-08  6.24810014e-02 
 4.36750000e-08  8.44748000e-02 
 4.37250000e-08  1.10587107e-01 
 4.37750000e-08  1.41263625e-01 
 4.38250000e-08  1.76914811e-01 
 4.38750000e-08  2.17895943e-01 
 4.39250000e-08  2.64488471e-01 
 4.39750000e-08  3.16884375e-01 
 4.40250000e-08  3.75175133e-01 
 4.40750000e-08  4.39346532e-01 
 4.41250000e-08  5.09280105e-01 
 4.41750000e-08  5.84761311e-01 
 4.42250000e-08  6.65493969e-01 
 4.42750000e-08  7.51119756e-01 
 4.43250000e-08  8.41241061e-01 
 4.43750000e-08  9.35445070e-01 
 4.44250000e-08  1.03332678e+00 
 4.44750000e-08  1.13450870e+00 
 4.45250000e-08  1.23865527e+00 
 4.45750000e-08  1.34548060e+00 
 4.46250000e-08  1.45474868e+00 
 4.46750000e-08  1.56626630e+00 
 4.47250000e-08  1.67986927e+00 
 4.47750000e-08  1.79540370e+00 
 4.48250000e-08  1.91270444e+00 
 4.48750000e-08  2.03157324e+00 
 4.49250000e-08  2.15175912e+00 
 4.49750000e-08  2.27294368e+00 
 4.50250000e-08  2.39473301e+00 
 4.50750000e-08  2.51665784e+00 
 4.51250000e-08  2.63818225e+00 
 4.51750000e-08  2.75872070e+00 
 4.52250000e-08  2.87766201e+00 
 4.52750000e-08  2.99439835e+00 
 4.53250000e-08  3.10835673e+00 
 4.53750000e-08  3.21902993e+00 
 4.54250000e-08  3.32600429e+00 
 4.54750000e-08  3.42898141e+00 
 4.55250000e-08  3.52779198e+00 
 4.55750000e-08  3.62240032e+00 
 4.56250000e-08  3.71289911e+00 
 4.56750000e-08  3.79949504e+00 
 4.57250000e-08  3.88248649e+00 
 4.57750000e-08  3.96223550e+00 
 4.58250000e-08  4.03913656e+00 
 4.58750000e-08  4.11358502e+00 
 4.59250000e-08  4.18594805e+00 
 4.59750000e-08  4.25654043e+00 
 4.60250000e-08  4.32560732e+00 
 4.60750000e-08  4.39331506e+00 
 4.61250000e-08  4.45975042e+00 
 4.61750000e-08  4.52492790e+00 
 4.62250000e-08  4.58880378e+00 
 4.62750000e-08  4.65129516e+00 
 4.63250000e-08  4.71230179e+00 
 4.63750000e-08  4.77172822e+00 
 4.64250000e-08  4.82950405e+00 
 4.64750000e-08  4.88560033e+00 
 4.65250000e-08  4.94004054e+00 
 4.65750000e-08  4.99290537e+00 
 4.66250000e-08  5.04433112e+00 
 4.66750000e-08  5.09450217e+00 
 4.67250000e-08  5.14363866e+00 
 4.67750000e-08  5.19198075e+00 
 4.68250000e-08  5.23977129e+00 
 4.68750000e-08  5.28723865e+00 
 4.69250000e-08  5.33458134e+00 
 4.69750000e-08  5.38195578e+00 
 4.70250000e-08  5.42946809e+00 
 4.70750000e-08  5.47717045e+00 
 4.71250000e-08  5.52506174e+00 
 4.71750000e-08  5.57309222e+00 
 4.72250000e-08  5.62117110e+00 
 4.72750000e-08  5.66917609e+00 
 4.73250000e-08  5.71696363e+00 
 4.73750000e-08  5.76437880e+00 
 4.74250000e-08  5.81126376e+00 
 4.74750000e-08  5.85746434e+00 
 4.75250000e-08  5.90283412e+00 
 4.75750000e-08  5.94723633e+00 
 4.76250000e-08  5.99054370e+00 
 4.76750000e-08  6.03263675e+00 
 4.77250000e-08  6.07340148e+00 
 4.77750000e-08  6.11272687e+00 
 4.78250000e-08  6.15050299e+00 
 4.78750000e-08  6.18662030e+00 
 4.79250000e-08  6.22097012e+00 
 4.79750000e-08  6.25344660e+00 
 4.80250000e-08  6.28394974e+00 
 4.80750000e-08  6.31238906e+00 
 4.81250000e-08  6.33868747e+00 
 4.81750000e-08  6.36278455e+00 
 4.82250000e-08  6.38463891e+00 
 4.82750000e-08  6.40422894e+00 
 4.83250000e-08  6.42155199e+00 
 4.83750000e-08  6.43662184e+00 
 4.84250000e-08  6.44946479e+00 
 4.84750000e-08  6.46011487e+00 
 4.85250000e-08  6.46860884e+00 
 4.85750000e-08  6.47498162e+00 
 4.86250000e-08  6.47926294e+00 
 4.86750000e-08  6.48147582e+00 
 4.87250000e-08  6.48163716e+00 
 4.87750000e-08  6.47976059e+00 
 4.88250000e-08  6.47586142e+00 
 4.88750000e-08  6.46996320e+00 
 4.89250000e-08  6.46210503e+00 
 4.89750000e-08  6.45234889e+00 
 4.90250000e-08  6.44078585e+00 
 4.90750000e-08  6.42754028e+00 
 4.91250000e-08  6.41277120e+00 
 4.91750000e-08  6.39667039e+00 
 4.92250000e-08  6.37945693e+00 
 4.92750000e-08  6.36136848e+00 
 4.93250000e-08  6.34264982e+00 
 4.93750000e-08  6.32353968e+00 
 4.94250000e-08  6.30425693e+00 
 4.94750000e-08  6.28498753e+00 
 4.95250000e-08  6.26587355e+00 
 4.95750000e-08  6.24700544e+00 
 4.96250000e-08  6.22841843e+00 
 4.96750000e-08  6.21009356e+00 
 4.97250000e-08  6.19196346e+00 
 4.97750000e-08  6.17392242e+00 
 4.98250000e-08  6.15583989e+00 
 4.98750000e-08  6.13757616e+00 
 4.99250000e-08  6.11899873e+00 
 4.99750000e-08  6.09999789e+00 
 5.00250000e-08  6.08049969e+00 
 5.00750000e-08  6.06047535e+00 
 5.01250000e-08  6.03994581e+00 
 5.01750000e-08  6.01898114e+00 
 5.02250000e-08  5.99769480e+00 
 5.02750000e-08  5.97623317e+00 
 5.03250000e-08  5.95476156e+00 
 5.03750000e-08  5.93344799e+00 
 5.04250000e-08  5.91244634e+00 
 5.04750000e-08  5.89188072e+00 
 5.05250000e-08  5.87183243e+00 
 5.05750000e-08  5.85233109e+00 
 5.06250000e-08  5.83335053e+00 
 5.06750000e-08  5.81481016e+00 
 5.07250000e-08  5.79658149e+00 
 5.07750000e-08  5.77849913e+00 
 5.08250000e-08  5.76037533e+00 
 5.08750000e-08  5.74201637e+00 
 5.09250000e-08  5.72323939e+00 
 5.09750000e-08  5.70388780e+00 
 5.10250000e-08  5.68384402e+00 
 5.10750000e-08  5.66303812e+00 
 5.11250000e-08  5.64145189e+00 
 5.11750000e-08  5.61911782e+00 
 5.12250000e-08  5.59611349e+00 
 5.12750000e-08  5.57255199e+00 
 5.13250000e-08  5.54856948e+00 
 5.13750000e-08  5.52431139e+00 
 5.14250000e-08  5.49991865e+00 
 5.14750000e-08  5.47551536e+00 
 5.15250000e-08  5.45119925e+00 
 5.15750000e-08  5.42703565e+00 
 5.16250000e-08  5.40305553e+00 
 5.16750000e-08  5.37925757e+00 
 5.17250000e-08  5.35561384e+00 
 5.17750000e-08  5.33207833e+00 
 5.18250000e-08  5.30859710e+00 
 5.18750000e-08  5.28511895e+00 
 5.19250000e-08  5.26160537e+00 
 5.19750000e-08  5.23803856e+00 
 5.20250000e-08  5.21442683e+00 
 5.20750000e-08  5.19080680e+00 
 5.21250000e-08  5.16724230e+00 
 5.21750000e-08  5.14382021e+00 
 5.22250000e-08  5.12064393e+00 
 5.22750000e-08  5.09782520e+00 
 5.23250000e-08  5.07547540e+00 
 5.23750000e-08  5.05369720e+00 
 5.24250000e-08  5.03257760e+00 
 5.24750000e-08  5.01218292e+00 
 5.25250000e-08  4.99255630e+00 
 5.25750000e-08  4.97371774e+00 
 5.26250000e-08  4.95566646e+00 
 5.26750000e-08  4.93838516e+00 
 5.27250000e-08  4.92184540e+00 
 5.27750000e-08  4.90601346e+00 
 5.28250000e-08  4.89085575e+00 
 5.28750000e-08  4.87634310e+00 
 5.29250000e-08  4.86245355e+00 
 5.29750000e-08  4.84917326e+00 
 5.30250000e-08  4.83649555e+00 
 5.30750000e-08  4.82441849e+00 
 5.31250000e-08  4.81294131e+00 
 5.31750000e-08  4.80206048e+00 
 5.32250000e-08  4.79176598e+00 
 5.32750000e-08  4.78203851e+00 
 5.33250000e-08  4.77284806e+00 
 5.33750000e-08  4.76415421e+00 
 5.34250000e-08  4.75590824e+00 
 5.34750000e-08  4.74805672e+00 
 5.35250000e-08  4.74054635e+00 
 5.35750000e-08  4.73332917e+00 
 5.36250000e-08  4.72636778e+00 
 5.36750000e-08  4.71963941e+00 
 5.37250000e-08  4.71313865e+00 
 5.37750000e-08  4.70687808e+00 
 5.38250000e-08  4.70088663e+00 
 5.38750000e-08  4.69520591e+00 
 5.39250000e-08  4.68988464e+00 
 5.39750000e-08  4.68497183e+00 
 5.40250000e-08  4.68050954e+00 
 5.40750000e-08  4.67652605e+00 
 5.41250000e-08  4.67303019e+00 
 5.41750000e-08  4.67000770e+00 
 5.42250000e-08  4.66742008e+00 
 5.42750000e-08  4.66520625e+00 
 5.43250000e-08  4.66328682e+00 
 5.43750000e-08  4.66157075e+00 
 5.44250000e-08  4.65996376e+00 
 5.44750000e-08  4.65837743e+00 
 5.45250000e-08  4.65673825e+00 
 5.45750000e-08  4.65499551e+00 
 5.46250000e-08  4.65312716e+00 
 5.46750000e-08  4.65114290e+00 
 5.47250000e-08  4.64908426e+00 
 5.47750000e-08  4.64702143e+00 
 5.48250000e-08  4.64504716e+00 
 5.48750000e-08  4.64326836e+00 
 5.49250000e-08  4.64179622e+00 
 5.49750000e-08  4.64073585e+00 
 5.50250000e-08  4.64017642e+00 
 5.50750000e-08  4.64018304e+00 
 5.51250000e-08  4.64079089e+00 
 5.51750000e-08  4.64200250e+00 
 5.52250000e-08  4.64378824e+00 
 5.52750000e-08  4.64609003e+00 
 5.53250000e-08  4.64882778e+00 
 5.53750000e-08  4.65190803e+00 
 5.54250000e-08  4.65523362e+00 
 5.54750000e-08  4.65871361e+00 
 5.55250000e-08  4.66227223e+00 
 5.55750000e-08  4.66585612e+00 
 5.56250000e-08  4.66943895e+00 
 5.56750000e-08  4.67302310e+00 
 5.57250000e-08  4.67663825e+00 
 5.57750000e-08  4.68033707e+00 
 5.58250000e-08  4.68418851e+00 
 5.58750000e-08  4.68826942e+00 
 5.59250000e-08  4.69265549e+00 
 5.59750000e-08  4.69741233e+00 
 5.60250000e-08  4.70258774e+00 
 5.60750000e-08  4.70820589e+00 
 5.61250000e-08  4.71426401e+00 
 5.61750000e-08  4.72073188e+00 
 5.62250000e-08  4.72755403e+00 
 5.62750000e-08  4.73465455e+00 
 5.63250000e-08  4.74194377e+00 
 5.63750000e-08  4.74932614e+00 
 5.64250000e-08  4.75670855e+00 
 5.64750000e-08  4.76400811e+00 
 5.65250000e-08  4.77115864e+00 
 5.65750000e-08  4.77811536e+00 
 5.66250000e-08  4.78485721e+00 
 5.66750000e-08  4.79138669e+00 
 5.67250000e-08  4.79772744e+00 
 5.67750000e-08  4.80391978e+00 
 5.68250000e-08  4.81001480e+00 
 5.68750000e-08  4.81606770e+00 
 5.69250000e-08  4.82213110e+00 
 5.69750000e-08  4.82824904e+00 
 5.70250000e-08  4.83445225e+00 
 5.70750000e-08  4.84075519e+00 
 5.71250000e-08  4.84715498e+00 
 5.71750000e-08  4.85363243e+00 
 5.72250000e-08  4.86015471e+00 
 5.72750000e-08  4.86667950e+00 
 5.73250000e-08  4.87315993e+00 
 5.73750000e-08  4.87954976e+00 
 5.74250000e-08  4.88580824e+00 
 5.74750000e-08  4.89190405e+00 
 5.75250000e-08  4.89781792e+00 
 5.75750000e-08  4.90354373e+00 
 5.76250000e-08  4.90908802e+00 
 5.76750000e-08  4.91446801e+00 
 5.77250000e-08  4.91970857e+00 
 5.77750000e-08  4.92483839e+00 
 5.78250000e-08  4.92988600e+00 
 5.78750000e-08  4.93487613e+00 
 5.79250000e-08  4.93982682e+00 
 5.79750000e-08  4.94474761e+00 
 5.80250000e-08  4.94963909e+00 
 5.80750000e-08  4.95449375e+00 
 5.81250000e-08  4.95929798e+00 
 5.81750000e-08  4.96403497e+00 
 5.82250000e-08  4.96868806e+00 
 5.82750000e-08  4.97324399e+00 
 5.83250000e-08  4.97769574e+00 
 5.83750000e-08  4.98204441e+00 
 5.84250000e-08  4.98629997e+00 
 5.84750000e-08  4.99048055e+00 
 5.85250000e-08  4.99461060e+00 
 5.85750000e-08  4.99871789e+00 
 5.86250000e-08  5.00282978e+00 
 5.86750000e-08  5.00696929e+00 
 5.87250000e-08  5.01115140e+00 
 5.87750000e-08  5.01538010e+00 
 5.88250000e-08  5.01964666e+00 
 5.88750000e-08  5.02392936e+00 
 5.89250000e-08  5.02819470e+00 
 5.89750000e-08  5.03240028e+00 
 5.90250000e-08  5.03649871e+00 
 5.90750000e-08  5.04044249e+00 
 5.91250000e-08  5.04418902e+00 
 5.91750000e-08  5.04770538e+00 
 5.92250000e-08  5.05097209e+00 
 5.92750000e-08  5.05398556e+00 
 5.93250000e-08  5.05675881e+00 
 5.93750000e-08  5.05932026e+00 
 5.94250000e-08  5.06171080e+00 
 5.94750000e-08  5.06397932e+00 
 5.95250000e-08  5.06617719e+00 
 5.95750000e-08  5.06835239e+00 
 5.96250000e-08  5.07054375e+00 
 5.96750000e-08  5.07277622e+00 
 5.97250000e-08  5.07505754e+00 
 5.97750000e-08  5.07737680e+00 
 5.98250000e-08  5.07970511e+00 
 5.98750000e-08  5.08199827e+00 
 5.99250000e-08  5.08420133e+00 
 5.99750000e-08  5.08625439e+00 
 6.00250000e-08  5.08809914e+00 
 6.00750000e-08  5.08968530e+00 
 6.01250000e-08  5.09097642e+00 
 6.01750000e-08  5.09195414e+00 
 6.02250000e-08  5.09262068e+00 
 6.02750000e-08  5.09299901e+00 
 6.03250000e-08  5.09313087e+00 
 6.03750000e-08  5.09307273e+00 
 6.04250000e-08  5.09289011e+00 
 6.04750000e-08  5.09265099e+00 
 6.05250000e-08  5.09241889e+00 
 6.05750000e-08  5.09224643e+00 
 6.06250000e-08  5.09217017e+00 
 6.06750000e-08  5.09220715e+00 
 6.07250000e-08  5.09235352e+00 
 6.07750000e-08  5.09258554e+00 
 6.08250000e-08  5.09286263e+00 
 6.08750000e-08  5.09313223e+00 
 6.09250000e-08  5.09333590e+00 
 6.09750000e-08  5.09341595e+00 
 6.10250000e-08  5.09332193e+00 
 6.10750000e-08  5.09301616e+00 
 6.11250000e-08  5.09247783e+00 
 6.11750000e-08  5.09170515e+00 
 6.12250000e-08  5.09071541e+00 
 6.12750000e-08  5.08954297e+00 
 6.13250000e-08  5.08823544e+00 
 6.13750000e-08  5.08684849e+00 
 6.14250000e-08  5.08543998e+00 
 6.14625000e-08  5.08440108e+00 
 6.15000000e-08  5.08340081e+00 
 6.15050000e-08  5.08327164e+00 
 6.15150000e-08  5.08301538e+00 
 6.15350000e-08  5.08251607e+00 
 6.15750000e-08  5.08157473e+00 
 6.16250000e-08  5.08051071e+00 
 6.16750000e-08  5.07956874e+00 
 6.17250000e-08  5.07873130e+00 
 6.17750000e-08  5.07796787e+00 
 6.18250000e-08  5.07723903e+00 
 6.18750000e-08  5.07650130e+00 
 6.19250000e-08  5.07571216e+00 
 6.19750000e-08  5.07483479e+00 
 6.20250000e-08  5.07384178e+00 
 6.20750000e-08  5.07271758e+00 
 6.21250000e-08  5.07145933e+00 
 6.21750000e-08  5.07007603e+00 
 6.22250000e-08  5.06858597e+00 
 6.22750000e-08  5.06701288e+00 
 6.23250000e-08  5.06538087e+00 
 6.23750000e-08  5.06370863e+00 
 6.24250000e-08  5.06200336e+00 
 6.24750000e-08  5.06025458e+00 
 6.25250000e-08  5.05842839e+00 
 6.25750000e-08  5.05646210e+00 
 6.26250000e-08  5.05425970e+00 
 6.26750000e-08  5.05168799e+00 
 6.27250000e-08  5.04857365e+00 
 6.27750000e-08  5.04470125e+00 
 6.28250000e-08  5.03981232e+00 
 6.28750000e-08  5.03360560e+00 
 6.29250000e-08  5.02573885e+00 
 6.29625000e-08  5.01853365e+00 
 6.30000000e-08  5.01001020e+00 
 6.30050000e-08  5.00875286e+00 
 6.30150000e-08  5.00618315e+00 
 6.30350000e-08  5.00070275e+00 
 6.30750000e-08  4.98826938e+00 
 6.31250000e-08  4.96967901e+00 
 6.31750000e-08  4.94729180e+00 
 6.32250000e-08  4.92066392e+00 
 6.32750000e-08  4.88937776e+00 
 6.33250000e-08  4.85305782e+00 
 6.33750000e-08  4.81138616e+00 
 6.34250000e-08  4.76411657e+00 
 6.34750000e-08  4.71108605e+00 
 6.35250000e-08  4.65222264e+00 
 6.35750000e-08  4.58754882e+00 
 6.36250000e-08  4.51717965e+00 
 6.36750000e-08  4.44131586e+00 
 6.37250000e-08  4.36023186e+00 
 6.37750000e-08  4.27425964e+00 
 6.38250000e-08  4.18376983e+00 
 6.38750000e-08  4.08915136e+00 
 6.39250000e-08  3.99079167e+00 
 6.39750000e-08  3.88905921e+00 
 6.40250000e-08  3.78429001e+00 
 6.40750000e-08  3.67677955e+00 
 6.41250000e-08  3.56678098e+00 
 6.41750000e-08  3.45450964e+00 
 6.42250000e-08  3.34015370e+00 
 6.42750000e-08  3.22388958e+00 
 6.43250000e-08  3.10590062e+00 
 6.43750000e-08  2.98639668e+00 
 6.44250000e-08  2.86563252e+00 
 6.44750000e-08  2.74392250e+00 
 6.45250000e-08  2.62164965e+00 
 6.45750000e-08  2.49926749e+00 
 6.46250000e-08  2.37729394e+00 
 6.46750000e-08  2.25629711e+00 
 6.47250000e-08  2.13687396e+00 
 6.47750000e-08  2.01962343e+00 
 6.48250000e-08  1.90511623e+00 
 6.48750000e-08  1.79386415e+00 
 6.49250000e-08  1.68629159e+00 
 6.49750000e-08  1.58271220e+00 
 6.50250000e-08  1.48331281e+00 
 6.50750000e-08  1.38814631e+00 
 6.51250000e-08  1.29713437e+00 
 6.51750000e-08  1.21007974e+00 
 6.52250000e-08  1.12668711e+00 
 6.52750000e-08  1.04659061e+00 
 6.53250000e-08  9.69385480e-01 
 6.53750000e-08  8.94660857e-01 
 6.54250000e-08  8.22030853e-01 
 6.54750000e-08  7.51161049e-01 
 6.55250000e-08  6.81788212e-01 
 6.55750000e-08  6.13731664e-01 
 6.56250000e-08  5.46895675e-01 
 6.56750000e-08  4.81263119e-01 
 6.57250000e-08  4.16881496e-01 
 6.57750000e-08  3.53843191e-01 
 6.58250000e-08  2.92262284e-01 
 6.58750000e-08  2.32250520e-01 
 6.59250000e-08  1.73894999e-01 
 6.59750000e-08  1.17239830e-01 
 6.60250000e-08  6.22734834e-02 
 6.60750000e-08  8.92288302e-03 
 6.61250000e-08 -4.29454729e-02 
 6.61750000e-08 -9.35178452e-02 
 6.62250000e-08 -1.43020166e-01 
 6.62750000e-08 -1.91701166e-01 
 6.63250000e-08 -2.39813651e-01 
 6.63750000e-08 -2.87595913e-01 
 6.64250000e-08 -3.35255125e-01 
 6.64750000e-08 -3.82954209e-01 
 6.65250000e-08 -4.30803178e-01 
 6.65750000e-08 -4.78855398e-01 
 6.66250000e-08 -5.27108643e-01 
 6.66750000e-08 -5.75510320e-01 
 6.67250000e-08 -6.23965828e-01 
 6.67750000e-08 -6.72348821e-01 
 6.68250000e-08 -7.20512038e-01 
 6.68750000e-08 -7.68297491e-01 
 6.69250000e-08 -8.15545041e-01 
 6.69750000e-08 -8.62098708e-01 
 6.70250000e-08 -9.07810470e-01 
 6.70750000e-08 -9.52541680e-01 
 6.71250000e-08 -9.96162518e-01 
 6.71750000e-08 -1.03855017e+00 
 6.72250000e-08 -1.07958647e+00 
 6.72750000e-08 -1.11915583e+00 
 6.73250000e-08 -1.15714395e+00 
 6.73750000e-08 -1.19343787e+00 
 6.74250000e-08 -1.22792729e+00 
 6.74750000e-08 -1.26050729e+00 
 6.75250000e-08 -1.29108172e+00 
 6.75750000e-08 -1.31956702e+00 
 6.76250000e-08 -1.34589566e+00 
 6.76750000e-08 -1.37001854e+00 
 6.77250000e-08 -1.39190614e+00 
 6.77750000e-08 -1.41154774e+00 
 6.78250000e-08 -1.42894913e+00 
 6.78750000e-08 -1.44412866e+00 
 6.79250000e-08 -1.45711242e+00 
 6.79750000e-08 -1.46792907e+00 
 6.80250000e-08 -1.47660510e+00 
 6.80750000e-08 -1.48316123e+00 
 6.81250000e-08 -1.48761072e+00 
 6.81750000e-08 -1.48995978e+00 
 6.82250000e-08 -1.49021034e+00 
 6.82750000e-08 -1.48836506e+00 
 6.83250000e-08 -1.48443388e+00 
 6.83750000e-08 -1.47844162e+00 
 6.84250000e-08 -1.47043554e+00 
 6.84750000e-08 -1.46049194e+00 
 6.85250000e-08 -1.44872087e+00 
 6.85750000e-08 -1.43526814e+00 
 6.86250000e-08 -1.42031412e+00 
 6.86750000e-08 -1.40406917e+00 
 6.87250000e-08 -1.38676584e+00 
 6.87750000e-08 -1.36864834e+00 
 6.88250000e-08 -1.34996017e+00 
 6.88750000e-08 -1.33093105e+00 
 6.89250000e-08 -1.31176418e+00 
 6.89750000e-08 -1.29262515e+00 
 6.90250000e-08 -1.27363356e+00 
 6.90750000e-08 -1.25485820e+00 
 6.91250000e-08 -1.23631624e+00 
 6.91750000e-08 -1.21797665e+00 
 6.92250000e-08 -1.19976751e+00 
 6.92750000e-08 -1.18158671e+00 
 6.93250000e-08 -1.16331488e+00 
 6.93750000e-08 -1.14482959e+00 
 6.94250000e-08 -1.12601937e+00 
 6.94750000e-08 -1.10679636e+00 
 6.95250000e-08 -1.08710641e+00 
 6.95750000e-08 -1.06693566e+00 
 6.96250000e-08 -1.04631314e+00 
 6.96750000e-08 -1.02530907e+00 
 6.97250000e-08 -1.00402901e+00 
 6.97750000e-08 -9.82604596e-01 
 6.98250000e-08 -9.61181510e-01 
 6.98750000e-08 -9.39906001e-01 
 6.99250000e-08 -9.18911102e-01 
 6.99750000e-08 -8.98303871e-01 
 7.00250000e-08 -8.78154826e-01 
 7.00750000e-08 -8.58490552e-01 
 7.01250000e-08 -8.39290181e-01 
 7.01750000e-08 -8.20486046e-01 
 7.02250000e-08 -8.01968491e-01 
 7.02750000e-08 -7.83594367e-01 
 7.03250000e-08 -7.65198479e-01 
 7.03750000e-08 -7.46606915e-01 
 7.04250000e-08 -7.27651075e-01 
 7.04750000e-08 -7.08181120e-01 
 7.05250000e-08 -6.88077657e-01 
 7.05750000e-08 -6.67260606e-01 
 7.06250000e-08 -6.45694520e-01 
 7.06750000e-08 -6.23389918e-01 
 7.07250000e-08 -6.00400605e-01 
 7.07750000e-08 -5.76817322e-01 
 7.08250000e-08 -5.52758410e-01 
 7.08750000e-08 -5.28358467e-01 
 7.09250000e-08 -5.03756127e-01 
 7.09750000e-08 -4.79082194e-01 
 7.10250000e-08 -4.54449263e-01 
 7.10750000e-08 -4.29943827e-01 
 7.11250000e-08 -4.05621575e-01 
 7.11750000e-08 -3.81506247e-01 
 7.12250000e-08 -3.57592043e-01 
 7.12750000e-08 -3.33849216e-01 
 7.13250000e-08 -3.10232133e-01 
 7.13750000e-08 -2.86688876e-01 
 7.14250000e-08 -2.63171270e-01 
 7.14750000e-08 -2.39644238e-01 
 7.15250000e-08 -2.16093477e-01 
 7.15750000e-08 -1.92530623e-01 
 7.16250000e-08 -1.68995427e-01 
 7.16750000e-08 -1.45554743e-01 
 7.17250000e-08 -1.22298536e-01 
 7.17750000e-08 -9.93334246e-02 
 7.18250000e-08 -7.67745220e-02 
 7.18750000e-08 -5.47365393e-02 
 7.19250000e-08 -3.33251337e-02 
 7.19750000e-08 -1.26294441e-02 
 7.20250000e-08  7.28342434e-03 
 7.20750000e-08  2.63714589e-02 
 7.21250000e-08  4.46181419e-02 
 7.21750000e-08  6.20303200e-02 
 7.22250000e-08  7.86339603e-02 
 7.22750000e-08  9.44684479e-02 
 7.23250000e-08  1.09580225e-01 
 7.23750000e-08  1.24016607e-01 
 7.24250000e-08  1.37820552e-01 
 7.24750000e-08  1.51026975e-01 
 7.25250000e-08  1.63660976e-01 
 7.25750000e-08  1.75738054e-01 
 7.26250000e-08  1.87266109e-01 
 7.26750000e-08  1.98248774e-01 
 7.27250000e-08  2.08689442e-01 
 7.27750000e-08  2.18595274e-01 
 7.28250000e-08  2.27980478e-01 
 7.28750000e-08  2.36868280e-01 
 7.29250000e-08  2.45291198e-01 
 7.29750000e-08  2.53289498e-01 
 7.30250000e-08  2.60908004e-01 
 7.30750000e-08  2.68191657e-01 
 7.31250000e-08  2.75180478e-01 
 7.31750000e-08  2.81904666e-01 
 7.32250000e-08  2.88380610e-01 
 7.32750000e-08  2.94608487e-01 
 7.33250000e-08  3.00571930e-01 
 7.33750000e-08  3.06239984e-01 
 7.34250000e-08  3.11571260e-01 
 7.34750000e-08  3.16519881e-01 
 7.35250000e-08  3.21042554e-01 
 7.35750000e-08  3.25105902e-01 
 7.36250000e-08  3.28693102e-01 
 7.36750000e-08  3.31808935e-01 
 7.37250000e-08  3.34482469e-01 
 7.37750000e-08  3.36766897e-01 
 7.38250000e-08  3.38736368e-01 
 7.38750000e-08  3.40480005e-01 
 7.39250000e-08  3.42093696e-01 
 7.39750000e-08  3.43670497e-01 
 7.40250000e-08  3.45290724e-01 
 7.40750000e-08  3.47012880e-01 
 7.41250000e-08  3.48866484e-01 
 7.41750000e-08  3.50847712e-01 
 7.42250000e-08  3.52918441e-01 
 7.42750000e-08  3.55008894e-01 
 7.43250000e-08  3.57023705e-01 
 7.43750000e-08  3.58850802e-01 
 7.44250000e-08  3.60372179e-01 
 7.44750000e-08  3.61475411e-01 
 7.45250000e-08  3.62064665e-01 
 7.45750000e-08  3.62069999e-01 
 7.46250000e-08  3.61453943e-01 
 7.46750000e-08  3.60214651e-01 
 7.47250000e-08  3.58385300e-01 
 7.47750000e-08  3.56029830e-01 
 7.48250000e-08  3.53235527e-01 
 7.48750000e-08  3.50103304e-01 
 7.49250000e-08  3.46736773e-01 
 7.49750000e-08  3.43231323e-01 
 7.50250000e-08  3.39664406e-01 
 7.50750000e-08  3.36088058e-01 
 7.51250000e-08  3.32524442e-01 
 7.51750000e-08  3.28964814e-01 
 7.52250000e-08  3.25371947e-01 
 7.52750000e-08  3.21685659e-01 
 7.53250000e-08  3.17830746e-01 
 7.53750000e-08  3.13726380e-01 
 7.54250000e-08  3.09295912e-01 
 7.54750000e-08  3.04475989e-01 
 7.55250000e-08  2.99224014e-01 
 7.55750000e-08  2.93523215e-01 
 7.56250000e-08  2.87384838e-01 
 7.56750000e-08  2.80847361e-01 
 7.57250000e-08  2.73972923e-01 
 7.57750000e-08  2.66841464e-01 
 7.58250000e-08  2.59543313e-01 
 7.58750000e-08  2.52171064e-01 
 7.59250000e-08  2.44811648e-01 
 7.59750000e-08  2.37539394e-01 
 7.60250000e-08  2.30410777e-01 
 7.60750000e-08  2.23461258e-01 
 7.61250000e-08  2.16704430e-01 
 7.61750000e-08  2.10133386e-01 
 7.62250000e-08  2.03724006e-01 
 7.62750000e-08  1.97439672e-01 
 7.63250000e-08  1.91236791e-01 
 7.63750000e-08  1.85070509e-01 
 7.64250000e-08  1.78899969e-01 
 7.64750000e-08  1.72692624e-01 
 7.65250000e-08  1.66427225e-01 
 7.65750000e-08  1.60095314e-01 
 7.66250000e-08  1.53701190e-01 
 7.66750000e-08  1.47260531e-01 
 7.67250000e-08  1.40797945e-01 
 7.67750000e-08  1.34343838e-01 
 7.68250000e-08  1.27931006e-01 
 7.68750000e-08  1.21591351e-01 
 7.69250000e-08  1.15353067e-01 
 7.69750000e-08  1.09238537e-01 
 7.70250000e-08  1.03263090e-01 
 7.70750000e-08  9.74346502e-02 
 7.71250000e-08  9.17541861e-02 
 7.71750000e-08  8.62168213e-02 
 7.72250000e-08  8.08133778e-02 
 7.72750000e-08  7.55321193e-02 
 7.73250000e-08  7.03604577e-02 
 7.73750000e-08  6.52864228e-02 
 7.74250000e-08  6.02997459e-02 
 7.74750000e-08  5.53924712e-02 
 7.75250000e-08  5.05590788e-02 
 7.75750000e-08  4.57961633e-02 
 7.76250000e-08  4.11017676e-02 
 7.76750000e-08  3.64745046e-02 
 7.77250000e-08  3.19126220e-02 
 7.77750000e-08  2.74131619e-02 
 7.78250000e-08  2.29713524e-02 
 7.78750000e-08  1.85803357e-02 
 7.79250000e-08  1.42312949e-02 
 7.79750000e-08  9.91399259e-03 
 7.80250000e-08  5.61768453e-03 
 7.80750000e-08  1.33232435e-03 
 7.81250000e-08 -2.95006517e-03 
 7.81750000e-08 -7.23400668e-03 
 7.82250000e-08 -1.15193357e-02 
 7.82750000e-08 -1.58002852e-02 
 7.83250000e-08 -2.00650320e-02 
 7.83750000e-08 -2.42958122e-02 
 7.84250000e-08 -2.84696616e-02 
 7.84750000e-08 -3.25597748e-02 
 7.85250000e-08 -3.65374060e-02 
 7.85750000e-08 -4.03741699e-02 
 7.86250000e-08 -4.40445400e-02 
 7.86750000e-08 -4.75283001e-02 
 7.87250000e-08 -5.08126823e-02 
 7.87750000e-08 -5.38939345e-02 
 7.88250000e-08 -5.67780948e-02 
 7.88750000e-08 -5.94808183e-02 
 7.89250000e-08 -6.20261893e-02 
 7.89750000e-08 -6.44445627e-02 
 7.90250000e-08 -6.67695865e-02 
 7.90750000e-08 -6.90346666e-02 
 7.91250000e-08 -7.12692177e-02 
 7.91750000e-08 -7.34950982e-02 
 7.92250000e-08 -7.57236395e-02 
 7.92750000e-08 -7.79536426e-02 
 7.93250000e-08 -8.01706351e-02 
 7.93750000e-08 -8.23475586e-02 
 7.94250000e-08 -8.44469066e-02 
 7.94750000e-08 -8.64241671e-02 
 7.95250000e-08 -8.82322656e-02 
 7.95750000e-08 -8.98265718e-02 
 7.96250000e-08 -9.11699400e-02 
 7.96750000e-08 -9.22372203e-02 
 7.97250000e-08 -9.30187048e-02 
 7.97750000e-08 -9.35220701e-02 
 7.98250000e-08 -9.37725229e-02 
 7.98750000e-08 -9.38110525e-02 
 7.99250000e-08 -9.36909025e-02 
 7.99750000e-08 -9.34725860e-02 
 8.00250000e-08 -9.32179481e-02 
 8.00750000e-08 -9.29839070e-02 
 8.01250000e-08 -9.28165662e-02 
 8.01750000e-08 -9.27463688e-02 
 8.02250000e-08 -9.27848673e-02 
 8.02538799e-08 -9.28550481e-02 
 8.02777652e-08 -9.29360103e-02 
 8.03034044e-08 -9.30413379e-02 
 8.03292742e-08 -9.31612748e-02 
 8.03535541e-08 -9.32803132e-02 
 8.03843385e-08 -9.34295918e-02 
 8.04343385e-08 -9.36322035e-02 
 8.04843385e-08 -9.37368793e-02 
 8.05343385e-08 -9.36872553e-02 
 8.05843385e-08 -9.34368682e-02 
 8.06343385e-08 -9.29545868e-02 
 8.06843385e-08 -9.22283394e-02 
 8.07343385e-08 -9.12667017e-02 
 8.07843385e-08 -9.00981581e-02 
 8.08343385e-08 -8.87681202e-02 
 8.08843385e-08 -8.73340453e-02 
 8.09343385e-08 -8.58592251e-02 
 8.09843385e-08 -8.44059640e-02 
 8.10343385e-08 -8.30289394e-02 
 8.10843385e-08 -8.17695107e-02 
 8.11343385e-08 -8.06516231e-02 
 8.11843385e-08 -7.96797617e-02 
 8.12343385e-08 -7.88391611e-02 
 8.12843385e-08 -7.80982057e-02 
 8.13343385e-08 -7.74126946e-02 
 8.13843385e-08 -7.67314290e-02 
 8.14343385e-08 -7.60024288e-02 
 8.14843385e-08 -7.51790226e-02 
 8.15343385e-08 -7.42250874e-02 
 8.15843385e-08 -7.31188323e-02 
 8.16343385e-08 -7.18547133e-02 
 8.16843385e-08 -7.04433039e-02 
 8.17343385e-08 -6.89092067e-02 
 8.17843385e-08 -6.72873277e-02 
 8.18343385e-08 -6.56180335e-02 
 8.18843385e-08 -6.39418377e-02 
 8.19343385e-08 -6.22943023e-02 
 8.19671692e-08 -6.12408856e-02 
 8.20000000e-08 -6.02167055e-02 
 8.20050000e-08 -6.00638342e-02 
 8.20150000e-08 -5.97595863e-02 
 8.20350000e-08 -5.91600048e-02 
 8.20750000e-08 -5.79946996e-02 
 8.21250000e-08 -5.65923808e-02 
 8.21750000e-08 -5.52311299e-02 
 8.22250000e-08 -5.38831488e-02 
 8.22750000e-08 -5.25174766e-02 
 8.23250000e-08 -5.11045614e-02 
 8.23750000e-08 -4.96205102e-02 
 8.24250000e-08 -4.80504540e-02 
 8.24750000e-08 -4.63905891e-02 
 8.25250000e-08 -4.46486320e-02 
 8.25750000e-08 -4.28426298e-02 
 8.26250000e-08 -4.09982655e-02 
 8.26750000e-08 -3.91449696e-02 
 8.27250000e-08 -3.73112640e-02 
 8.27750000e-08 -3.55198133e-02 
 8.28250000e-08 -3.37826337e-02 
 8.28750000e-08 -3.20968219e-02 
 8.29250000e-08 -3.04410262e-02 
 8.29750000e-08 -2.87727227e-02 
 8.30250000e-08 -2.70261991e-02 
 8.30750000e-08 -2.51110258e-02 
 8.31250000e-08 -2.29107264e-02 
 8.31750000e-08 -2.02813596e-02 
 8.32250000e-08 -1.70498068e-02 
 8.32750000e-08 -1.30116994e-02 
 8.33250000e-08 -7.92911553e-03 
 8.33750000e-08 -1.52837771e-03 
 8.34250000e-08  6.50152653e-03 
 8.34625000e-08  1.37906796e-02 
 8.35000000e-08  2.23508415e-02 
 8.35050000e-08  2.36084978e-02 
 8.35150000e-08  2.61767063e-02 
 8.35350000e-08  3.16408253e-02 
 8.35750000e-08  4.39853256e-02 
 8.36250000e-08  6.23545949e-02 
 8.36750000e-08  8.43990034e-02 
 8.37250000e-08  1.10572348e-01 
 8.37750000e-08  1.41311365e-01 
 8.38250000e-08  1.77017501e-01 
 8.38750000e-08  2.18038269e-01 
 8.39250000e-08  2.64649695e-01 
 8.39750000e-08  3.17041430e-01 
 8.40250000e-08  3.75305992e-01 
 8.40750000e-08  4.39433388e-01 
 8.41250000e-08  5.09311875e-01 
 8.41750000e-08  5.84735137e-01 
 8.42250000e-08  6.65415492e-01 
 8.42750000e-08  7.51002155e-01 
 8.43250000e-08  8.41102999e-01 
 8.43750000e-08  9.35307874e-01 
 8.44250000e-08  1.03321126e+00 
 8.44750000e-08  1.13443211e+00 
 8.45250000e-08  1.23862880e+00 
 8.45750000e-08  1.34550779e+00 
 8.46250000e-08  1.45482504e+00 
 8.46750000e-08  1.56638003e+00 
 8.47250000e-08  1.68000313e+00 
 8.47750000e-08  1.79553760e+00 
 8.48250000e-08  1.91281852e+00 
 8.48750000e-08  2.03165075e+00 
 8.49250000e-08  2.15178899e+00 
 8.49625000e-08  2.24257640e+00 
 8.50000000e-08  2.33376932e+00 
