 0.00000000e+00  0.00000000e+00 
 5.00000000e-13  0.00000000e+00 
 1.00000000e-12  0.00000000e+00 
 2.00000000e-12  0.00000000e+00 
 4.00000000e-12  0.00000000e+00 
 8.00000000e-12  0.00000000e+00 
 1.60000000e-11  0.00000000e+00 
 3.20000000e-11  0.00000000e+00 
 6.40000000e-11  0.00000000e+00 
 1.14000000e-10  0.00000000e+00 
 1.64000000e-10  0.00000000e+00 
 2.14000000e-10  0.00000000e+00 
 2.64000000e-10  0.00000000e+00 
 3.14000000e-10  0.00000000e+00 
 3.64000000e-10  0.00000000e+00 
 4.14000000e-10  0.00000000e+00 
 4.64000000e-10  0.00000000e+00 
 5.14000000e-10  0.00000000e+00 
 5.64000000e-10  0.00000000e+00 
 6.14000000e-10  0.00000000e+00 
 6.64000000e-10  0.00000000e+00 
 7.14000000e-10  0.00000000e+00 
 7.64000000e-10  0.00000000e+00 
 8.14000000e-10  0.00000000e+00 
 8.64000000e-10  0.00000000e+00 
 9.14000000e-10  0.00000000e+00 
 9.64000000e-10  0.00000000e+00 
 1.01400000e-09  0.00000000e+00 
 1.06400000e-09  0.00000000e+00 
 1.11400000e-09  0.00000000e+00 
 1.16400000e-09  0.00000000e+00 
 1.21400000e-09  0.00000000e+00 
 1.26400000e-09  0.00000000e+00 
 1.31400000e-09  0.00000000e+00 
 1.36400000e-09  0.00000000e+00 
 1.41400000e-09  0.00000000e+00 
 1.46400000e-09  0.00000000e+00 
 1.51400000e-09  0.00000000e+00 
 1.56400000e-09  0.00000000e+00 
 1.61400000e-09  0.00000000e+00 
 1.66400000e-09  0.00000000e+00 
 1.71400000e-09  0.00000000e+00 
 1.76400000e-09  0.00000000e+00 
 1.81400000e-09  0.00000000e+00 
 1.86400000e-09  0.00000000e+00 
 1.91400000e-09  0.00000000e+00 
 1.95700000e-09  0.00000000e+00 
 2.00000000e-09  0.00000000e+00 
 2.00067200e-09  4.42409023e-35 
 2.00201600e-09  1.19444837e-33 
 2.00470400e-09  4.34205144e-30 
 2.00804732e-09  4.05459094e-28 
 2.01473397e-09  1.33346627e-24 
 2.02810726e-09  8.37730517e-21 
 2.04826941e-09  3.66957776e-18 
 2.06706803e-09  4.87243116e-17 
 2.09350073e-09  1.88398146e-15 
 2.12671020e-09  6.14439263e-14 
 2.16396445e-09  1.03726780e-12 
 2.20762731e-09  1.51912798e-11 
 2.25762731e-09  1.81042686e-10 
 2.30762731e-09  1.26803254e-09 
 2.35762731e-09  6.59276739e-09 
 2.40762731e-09  2.78921279e-08 
 2.45762731e-09  1.00915675e-07 
 2.50762731e-09  3.22195876e-07 
 2.55762731e-09  9.27625401e-07 
 2.60762731e-09  2.44684972e-06 
 2.65762731e-09  5.98526930e-06 
 2.70762731e-09  1.37069233e-05 
 2.75762731e-09  2.96147556e-05 
 2.80762731e-09  6.07464117e-05 
 2.85762731e-09  1.18919126e-04 
 2.90762731e-09  2.23160825e-04 
 2.95762731e-09  4.02950377e-04 
 3.00762731e-09  7.02352727e-04 
 3.05762731e-09  1.18507094e-03 
 3.10762731e-09  1.94034631e-03 
 3.15762731e-09  3.08952289e-03 
 3.20762731e-09  4.79296136e-03 
 3.25762731e-09  7.25685135e-03 
 3.30762731e-09  1.07393463e-02 
 3.35762731e-09  1.55553488e-02 
 3.40762731e-09  2.20792266e-02 
 3.45381366e-09  2.99918291e-02 
 3.50000000e-09  4.01148111e-02 
 3.50500000e-09  4.13725958e-02 
 3.51500000e-09  4.39519221e-02 
 3.53500000e-09  4.95068624e-02 
 3.57500000e-09  6.23421800e-02 
 3.62500000e-09  8.19975017e-02 
 3.67500000e-09  1.06207911e-01 
 3.72500000e-09  1.35571141e-01 
 3.77500000e-09  1.70659159e-01 
 3.82500000e-09  2.11995226e-01 
 3.87500000e-09  2.60031503e-01 
 3.92500000e-09  3.15128806e-01 
 3.97500000e-09  3.77540118e-01 
 4.02500000e-09  4.47399297e-01 
 4.07500000e-09  5.24716074e-01 
 4.12500000e-09  6.09377992e-01 
 4.17500000e-09  7.01159363e-01 
 4.22500000e-09  7.99736718e-01 
 4.27500000e-09  9.04709616e-01 
 4.32500000e-09  1.01562512e+00 
 4.37500000e-09  1.13200390e+00 
 4.42500000e-09  1.25336558e+00 
 4.47500000e-09  1.37925111e+00 
 4.52500000e-09  1.50923999e+00 
 4.57500000e-09  1.64296068e+00 
 4.62500000e-09  1.78009330e+00 
 4.67500000e-09  1.92036423e+00 
 4.72500000e-09  2.06353327e+00 
 4.77500000e-09  2.20937474e+00 
 4.82500000e-09  2.35765463e+00 
 4.87500000e-09  2.50810637e+00 
 4.92500000e-09  2.66040808e+00 
 4.97500000e-09  2.81416414e+00 
 5.02500000e-09  2.96889361e+00 
 5.07500000e-09  3.12402722e+00 
 5.12500000e-09  3.27891427e+00 
 5.17500000e-09  3.43283916e+00 
 5.22500000e-09  3.58504699e+00 
 5.27500000e-09  3.73477596e+00 
 5.32500000e-09  3.88129417e+00 
 5.37500000e-09  4.02393745e+00 
 5.42500000e-09  4.16214480e+00 
 5.47500000e-09  4.29548818e+00 
 5.52500000e-09  4.42369366e+00 
 5.57500000e-09  4.54665209e+00 
 5.62500000e-09  4.66441794e+00 
 5.67500000e-09  4.77719656e+00 
 5.72500000e-09  4.88532092e+00 
 5.77500000e-09  4.98921997e+00 
 5.82500000e-09  5.08938163e+00 
 5.87500000e-09  5.18631384e+00 
 5.92500000e-09  5.28050722e+00 
 5.97500000e-09  5.37240271e+00 
 6.02500000e-09  5.46236702e+00 
 6.07500000e-09  5.55067770e+00 
 6.12500000e-09  5.63751890e+00 
 6.17500000e-09  5.72298747e+00 
 6.22500000e-09  5.80710832e+00 
 6.27500000e-09  5.88985674e+00 
 6.32500000e-09  5.97118503e+00 
 6.37500000e-09  6.05105022e+00 
 6.42500000e-09  6.12943988e+00 
 6.47500000e-09  6.20639314e+00 
 6.52500000e-09  6.28201487e+00 
 6.57500000e-09  6.35648152e+00 
 6.62500000e-09  6.43003850e+00 
 6.67500000e-09  6.50298927e+00 
 6.72500000e-09  6.57567776e+00 
 6.77500000e-09  6.64846600e+00 
 6.82500000e-09  6.72170930e+00 
 6.87500000e-09  6.79573156e+00 
 6.92500000e-09  6.87080293e+00 
 6.97500000e-09  6.94712180e+00 
 7.02500000e-09  7.02480245e+00 
 7.07500000e-09  7.10386891e+00 
 7.12500000e-09  7.18425512e+00 
 7.17500000e-09  7.26581053e+00 
 7.22500000e-09  7.34831013e+00 
 7.27500000e-09  7.43146727e+00 
 7.32500000e-09  7.51494780e+00 
 7.37500000e-09  7.59838403e+00 
 7.42500000e-09  7.68138726e+00 
 7.47500000e-09  7.76355817e+00 
 7.52500000e-09  7.84449469e+00 
 7.57500000e-09  7.92379736e+00 
 7.62500000e-09  8.00107281e+00 
 7.67500000e-09  8.07593594e+00 
 7.72500000e-09  8.14801159e+00 
 7.77500000e-09  8.21693659e+00 
 7.82500000e-09  8.28236256e+00 
 7.87500000e-09  8.34395988e+00 
 7.92500000e-09  8.40142275e+00 
 7.97500000e-09  8.45447488e+00 
 8.02500000e-09  8.50287522e+00 
 8.07500000e-09  8.54642302e+00 
 8.12500000e-09  8.58496130e+00 
 8.17500000e-09  8.61837806e+00 
 8.22500000e-09  8.64660496e+00 
 8.27500000e-09  8.66961317e+00 
 8.32500000e-09  8.68740692e+00 
 8.37500000e-09  8.70001527e+00 
 8.42500000e-09  8.70748316e+00 
 8.47500000e-09  8.70986301e+00 
 8.52500000e-09  8.70720792e+00 
 8.57500000e-09  8.69956766e+00 
 8.62500000e-09  8.68698828e+00 
 8.67500000e-09  8.66951553e+00 
 8.72500000e-09  8.64720225e+00 
 8.77500000e-09  8.62011877e+00 
 8.82500000e-09  8.58836542e+00 
 8.87500000e-09  8.55208554e+00 
 8.92500000e-09  8.51147739e+00 
 8.97500000e-09  8.46680314e+00 
 9.02500000e-09  8.41839353e+00 
 9.07500000e-09  8.36664700e+00 
 9.12500000e-09  8.31202276e+00 
 9.17500000e-09  8.25502772e+00 
 9.22500000e-09  8.19619814e+00 
 9.27500000e-09  8.13607717e+00 
 9.32500000e-09  8.07519016e+00 
 9.37500000e-09  8.01401980e+00 
 9.42500000e-09  7.95298344e+00 
 9.47500000e-09  7.89241456e+00 
 9.52500000e-09  7.83255025e+00 
 9.57500000e-09  7.77352588e+00 
 9.62500000e-09  7.71537754e+00 
 9.67500000e-09  7.65805197e+00 
 9.72500000e-09  7.60142323e+00 
 9.77500000e-09  7.54531438e+00 
 9.82500000e-09  7.48952218e+00 
 9.87500000e-09  7.43384246e+00 
 9.92500000e-09  7.37809382e+00 
 9.97500000e-09  7.32213725e+00 
 1.00250000e-08  7.26589000e+00 
 1.00750000e-08  7.20933247e+00 
 1.01250000e-08  7.15250728e+00 
 1.01750000e-08  7.09551110e+00 
 1.02250000e-08  7.03847980e+00 
 1.02750000e-08  6.98156863e+00 
 1.03250000e-08  6.92492936e+00 
 1.03750000e-08  6.86868676e+00 
 1.04250000e-08  6.81291663e+00 
 1.04750000e-08  6.75762767e+00 
 1.05250000e-08  6.70274904e+00 
 1.05750000e-08  6.64812468e+00 
 1.06250000e-08  6.59351539e+00 
 1.06750000e-08  6.53860816e+00 
 1.07250000e-08  6.48303247e+00 
 1.07750000e-08  6.42638181e+00 
 1.08250000e-08  6.36823883e+00 
 1.08750000e-08  6.30820196e+00 
 1.09250000e-08  6.24591117e+00 
 1.09750000e-08  6.18107083e+00 
 1.10250000e-08  6.11346785e+00 
 1.10750000e-08  6.04298363e+00 
 1.11250000e-08  5.96959908e+00 
 1.11750000e-08  5.89339247e+00 
 1.12250000e-08  5.81453065e+00 
 1.12750000e-08  5.73325448e+00 
 1.13250000e-08  5.64986022e+00 
 1.13750000e-08  5.56467840e+00 
 1.14250000e-08  5.47805241e+00 
 1.14750000e-08  5.39031854e+00 
 1.15250000e-08  5.30178916e+00 
 1.15750000e-08  5.21274051e+00 
 1.16250000e-08  5.12340581e+00 
 1.16750000e-08  5.03397398e+00 
 1.17250000e-08  4.94459375e+00 
 1.17750000e-08  4.85538231e+00 
 1.18250000e-08  4.76643733e+00 
 1.18750000e-08  4.67785071e+00 
 1.19250000e-08  4.58972264e+00 
 1.19750000e-08  4.50217418e+00 
 1.20250000e-08  4.41535705e+00 
 1.20750000e-08  4.32945957e+00 
 1.21250000e-08  4.24470816e+00 
 1.21750000e-08  4.16136416e+00 
 1.22250000e-08  4.07971653e+00 
 1.22750000e-08  4.00007095e+00 
 1.23250000e-08  3.92273671e+00 
 1.23750000e-08  3.84801246e+00 
 1.24250000e-08  3.77617235e+00 
 1.24750000e-08  3.70745371e+00 
 1.25250000e-08  3.64204743e+00 
 1.25750000e-08  3.58009163e+00 
 1.26250000e-08  3.52166900e+00 
 1.26750000e-08  3.46680772e+00 
 1.27250000e-08  3.41548553e+00 
 1.27750000e-08  3.36763614e+00 
 1.28250000e-08  3.32315722e+00 
 1.28750000e-08  3.28191885e+00 
 1.29250000e-08  3.24377165e+00 
 1.29750000e-08  3.20855383e+00 
 1.30250000e-08  3.17609668e+00 
 1.30750000e-08  3.14622841e+00 
 1.31250000e-08  3.11877638e+00 
 1.31750000e-08  3.09356818e+00 
 1.32250000e-08  3.07043198e+00 
 1.32750000e-08  3.04919688e+00 
 1.33250000e-08  3.02969369e+00 
 1.33750000e-08  3.01175662e+00 
 1.34250000e-08  2.99522601e+00 
 1.34750000e-08  2.97995199e+00 
 1.35250000e-08  2.96579881e+00 
 1.35750000e-08  2.95264915e+00 
 1.36250000e-08  2.94040783e+00 
 1.36750000e-08  2.92900410e+00 
 1.37250000e-08  2.91839194e+00 
 1.37750000e-08  2.90854803e+00 
 1.38250000e-08  2.89946710e+00 
 1.38750000e-08  2.89115519e+00 
 1.39250000e-08  2.88362123e+00 
 1.39750000e-08  2.87686798e+00 
 1.40250000e-08  2.87088345e+00 
 1.40750000e-08  2.86563410e+00 
 1.41250000e-08  2.86106082e+00 
 1.41750000e-08  2.85707879e+00 
 1.42250000e-08  2.85358155e+00 
 1.42750000e-08  2.85044943e+00 
 1.43250000e-08  2.84756175e+00 
 1.43750000e-08  2.84481180e+00 
 1.44250000e-08  2.84212312e+00 
 1.44750000e-08  2.83946525e+00 
 1.45250000e-08  2.83686722e+00 
 1.45750000e-08  2.83442690e+00 
 1.46250000e-08  2.83231490e+00 
 1.46750000e-08  2.83077204e+00 
 1.47250000e-08  2.83010017e+00 
 1.47750000e-08  2.83064679e+00 
 1.48250000e-08  2.83278459e+00 
 1.48750000e-08  2.83688775e+00 
 1.49250000e-08  2.84330704e+00 
 1.49750000e-08  2.85234622e+00 
 1.50250000e-08  2.86424195e+00 
 1.50750000e-08  2.87914937e+00 
 1.51250000e-08  2.89713457e+00 
 1.51750000e-08  2.91817507e+00 
 1.52250000e-08  2.94216786e+00 
 1.52750000e-08  2.96894446e+00 
 1.53250000e-08  2.99829122e+00 
 1.53750000e-08  3.02997280e+00 
 1.54250000e-08  3.06375631e+00 
 1.54750000e-08  3.09943358e+00 
 1.55250000e-08  3.13683922e+00 
 1.55750000e-08  3.17586264e+00 
 1.56250000e-08  3.21645287e+00 
 1.56750000e-08  3.25861568e+00 
 1.57250000e-08  3.30240363e+00 
 1.57750000e-08  3.34790005e+00 
 1.58250000e-08  3.39519898e+00 
 1.58750000e-08  3.44438330e+00 
 1.59250000e-08  3.49550337e+00 
 1.59750000e-08  3.54855872e+00 
 1.60250000e-08  3.60348455e+00 
 1.60750000e-08  3.66014473e+00 
 1.61250000e-08  3.71833169e+00 
 1.61750000e-08  3.77777348e+00 
 1.62250000e-08  3.83814694e+00 
 1.62750000e-08  3.89909573e+00 
 1.63250000e-08  3.96025130e+00 
 1.63750000e-08  4.02125459e+00 
 1.64250000e-08  4.08177650e+00 
 1.64750000e-08  4.14153500e+00 
 1.65250000e-08  4.20030766e+00 
 1.65750000e-08  4.25793836e+00 
 1.66250000e-08  4.31433817e+00 
 1.66750000e-08  4.36948047e+00 
 1.67250000e-08  4.42339138e+00 
 1.67750000e-08  4.47613673e+00 
 1.68250000e-08  4.52780708e+00 
 1.68750000e-08  4.57850257e+00 
 1.69250000e-08  4.62831910e+00 
 1.69750000e-08  4.67733706e+00 
 1.70250000e-08  4.72561355e+00 
 1.70750000e-08  4.77317854e+00 
 1.71250000e-08  4.82003500e+00 
 1.71750000e-08  4.86616238e+00 
 1.72250000e-08  4.91152288e+00 
 1.72750000e-08  4.95606944e+00 
 1.73250000e-08  4.99975428e+00 
 1.73750000e-08  5.04253722e+00 
 1.74250000e-08  5.08439256e+00 
 1.74750000e-08  5.12531425e+00 
 1.75250000e-08  5.16531880e+00 
 1.75750000e-08  5.20444590e+00 
 1.76250000e-08  5.24275707e+00 
 1.76750000e-08  5.28033264e+00 
 1.77250000e-08  5.31726763e+00 
 1.77750000e-08  5.35366717e+00 
 1.78250000e-08  5.38964186e+00 
 1.78750000e-08  5.42530356e+00 
 1.79250000e-08  5.46076187e+00 
 1.79750000e-08  5.49612132e+00 
 1.80250000e-08  5.53147929e+00 
 1.80750000e-08  5.56692439e+00 
 1.81250000e-08  5.60253506e+00 
 1.81750000e-08  5.63837812e+00 
 1.82250000e-08  5.67450708e+00 
 1.82750000e-08  5.71095996e+00 
 1.83250000e-08  5.74775679e+00 
 1.83750000e-08  5.78489675e+00 
 1.84250000e-08  5.82235538e+00 
 1.84750000e-08  5.86008211e+00 
 1.85250000e-08  5.89799860e+00 
 1.85750000e-08  5.93599823e+00 
 1.86250000e-08  5.97394716e+00 
 1.86750000e-08  6.01168714e+00 
 1.87250000e-08  6.04904005e+00 
 1.87750000e-08  6.08581417e+00 
 1.88250000e-08  6.12181171e+00 
 1.88750000e-08  6.15683720e+00 
 1.89250000e-08  6.19070606e+00 
 1.89750000e-08  6.22325264e+00 
 1.90250000e-08  6.25433703e+00 
 1.90750000e-08  6.28385007e+00 
 1.91250000e-08  6.31171594e+00 
 1.91750000e-08  6.33789214e+00 
 1.92250000e-08  6.36236674e+00 
 1.92750000e-08  6.38515313e+00 
 1.93250000e-08  6.40628260e+00 
 1.93750000e-08  6.42579559e+00 
 1.94250000e-08  6.44373224e+00 
 1.94750000e-08  6.46012330e+00 
 1.95250000e-08  6.47498217e+00 
 1.95750000e-08  6.48829907e+00 
 1.96250000e-08  6.50003792e+00 
 1.96750000e-08  6.51013636e+00 
 1.97250000e-08  6.51850915e+00 
 1.97750000e-08  6.52505470e+00 
 1.98250000e-08  6.52966429e+00 
 1.98750000e-08  6.53223319e+00 
 1.99250000e-08  6.53267271e+00 
 1.99750000e-08  6.53092203e+00 
 2.00250000e-08  6.52695862e+00 
 2.00750000e-08  6.52080618e+00 
 2.01250000e-08  6.51253913e+00 
 2.01750000e-08  6.50228313e+00 
 2.02250000e-08  6.49021126e+00 
 2.02750000e-08  6.47653602e+00 
 2.03250000e-08  6.46149770e+00 
 2.03750000e-08  6.44535013e+00 
 2.04250000e-08  6.42834486e+00 
 2.04750000e-08  6.41071530e+00 
 2.05250000e-08  6.39266232e+00 
 2.05750000e-08  6.37434258e+00 
 2.06250000e-08  6.35586080e+00 
 2.06750000e-08  6.33726682e+00 
 2.07250000e-08  6.31855765e+00 
 2.07750000e-08  6.29968453e+00 
 2.08250000e-08  6.28056418e+00 
 2.08750000e-08  6.26109325e+00 
 2.09250000e-08  6.24116450e+00 
 2.09750000e-08  6.22068301e+00 
 2.10250000e-08  6.19958082e+00 
 2.10750000e-08  6.17782836e+00 
 2.11250000e-08  6.15544157e+00 
 2.11750000e-08  6.13248374e+00 
 2.12250000e-08  6.10906199e+00 
 2.12750000e-08  6.08531857e+00 
 2.13250000e-08  6.06141796e+00 
 2.13750000e-08  6.03753097e+00 
 2.14250000e-08  6.01381752e+00 
 2.14625000e-08  5.99622529e+00 
 2.15000000e-08  5.97884920e+00 
 2.15050000e-08  5.97655233e+00 
 2.15150000e-08  5.97196746e+00 
 2.15350000e-08  5.96285129e+00 
 2.15750000e-08  5.94483112e+00 
 2.16250000e-08  5.92267529e+00 
 2.16750000e-08  5.90085279e+00 
 2.17250000e-08  5.87923060e+00 
 2.17750000e-08  5.85763282e+00 
 2.18250000e-08  5.83585481e+00 
 2.18750000e-08  5.81367983e+00 
 2.19250000e-08  5.79089626e+00 
 2.19750000e-08  5.76731387e+00 
 2.20250000e-08  5.74277741e+00 
 2.20750000e-08  5.71717623e+00 
 2.21250000e-08  5.69044925e+00 
 2.21750000e-08  5.66258475e+00 
 2.22250000e-08  5.63361534e+00 
 2.22750000e-08  5.60360871e+00 
 2.23250000e-08  5.57265526e+00 
 2.23750000e-08  5.54085381e+00 
 2.24250000e-08  5.50829683e+00 
 2.24750000e-08  5.47505628e+00 
 2.25250000e-08  5.44117136e+00 
 2.25750000e-08  5.40663849e+00 
 2.26250000e-08  5.37140433e+00 
 2.26750000e-08  5.33536145e+00 
 2.27250000e-08  5.29834664e+00 
 2.27750000e-08  5.26014133e+00 
 2.28250000e-08  5.22047364e+00 
 2.28750000e-08  5.17902154e+00 
 2.29250000e-08  5.13541693e+00 
 2.29625000e-08  5.10106848e+00 
 2.30000000e-08  5.06509483e+00 
 2.30050000e-08  5.06015079e+00 
 2.30150000e-08  5.05019611e+00 
 2.30350000e-08  5.02987547e+00 
 2.30750000e-08  4.98747098e+00 
 2.31250000e-08  4.93084498e+00 
 2.31750000e-08  4.86974498e+00 
 2.32250000e-08  4.80367556e+00 
 2.32750000e-08  4.73216269e+00 
 2.33250000e-08  4.65477195e+00 
 2.33750000e-08  4.57112800e+00 
 2.34250000e-08  4.48093408e+00 
 2.34750000e-08  4.38399008e+00 
 2.35250000e-08  4.28020723e+00 
 2.35750000e-08  4.16961798e+00 
 2.36250000e-08  4.05237924e+00 
 2.36750000e-08  3.92876829e+00 
 2.37250000e-08  3.79917074e+00 
 2.37750000e-08  3.66406102e+00 
 2.38250000e-08  3.52397672e+00 
 2.38750000e-08  3.37948862e+00 
 2.39250000e-08  3.23116919e+00 
 2.39750000e-08  3.07956236e+00 
 2.40250000e-08  2.92515775e+00 
 2.40750000e-08  2.76837206e+00 
 2.41250000e-08  2.60953971e+00 
 2.41750000e-08  2.44891411e+00 
 2.42250000e-08  2.28667953e+00 
 2.42750000e-08  2.12297275e+00 
 2.43250000e-08  1.95791209e+00 
 2.43750000e-08  1.79163090e+00 
 2.44250000e-08  1.62431164e+00 
 2.44750000e-08  1.45621649e+00 
 2.45250000e-08  1.28771077e+00 
 2.45750000e-08  1.11927583e+00 
 2.46250000e-08  9.51509161e-01 
 2.46750000e-08  7.85110946e-01 
 2.47250000e-08  6.20857347e-01 
 2.47750000e-08  4.59562652e-01 
 2.48250000e-08  3.02033438e-01 
 2.48750000e-08  1.49018975e-01 
 2.49250000e-08  1.16262491e-03 
 2.49750000e-08 -1.41040960e-01 
 2.50250000e-08 -2.77278496e-01 
 2.50750000e-08 -4.07437183e-01 
 2.51250000e-08 -5.31608151e-01 
 2.51750000e-08 -6.50073710e-01 
 2.52250000e-08 -7.63279445e-01 
 2.52750000e-08 -8.71793758e-01 
 2.53250000e-08 -9.76258682e-01 
 2.53750000e-08 -1.07733667e+00 
 2.54250000e-08 -1.17565843e+00 
 2.54750000e-08 -1.27177666e+00 
 2.55250000e-08 -1.36612990e+00 
 2.55750000e-08 -1.45901976e+00 
 2.56250000e-08 -1.55060296e+00 
 2.56750000e-08 -1.64089858e+00 
 2.57250000e-08 -1.72980912e+00 
 2.57750000e-08 -1.81715239e+00 
 2.58250000e-08 -1.90270081e+00 
 2.58750000e-08 -1.98622343e+00 
 2.59250000e-08 -2.06752636e+00 
 2.59750000e-08 -2.14648736e+00 
 2.60250000e-08 -2.22308118e+00 
 2.60750000e-08 -2.29739345e+00 
 2.61250000e-08 -2.36962193e+00 
 2.61750000e-08 -2.44006565e+00 
 2.62250000e-08 -2.50910328e+00 
 2.62750000e-08 -2.57716345e+00 
 2.63250000e-08 -2.64469022e+00 
 2.63750000e-08 -2.71210715e+00 
 2.64250000e-08 -2.77978360e+00 
 2.64750000e-08 -2.84800620e+00 
 2.65250000e-08 -2.91695775e+00 
 2.65750000e-08 -2.98670501e+00 
 2.66250000e-08 -3.05719577e+00 
 2.66750000e-08 -3.12826457e+00 
 2.67250000e-08 -3.19964581e+00 
 2.67750000e-08 -3.27099239e+00 
 2.68250000e-08 -3.34189738e+00 
 2.68750000e-08 -3.41191677e+00 
 2.69250000e-08 -3.48059097e+00 
 2.69750000e-08 -3.54746358e+00 
 2.70250000e-08 -3.61209626e+00 
 2.70750000e-08 -3.67407926e+00 
 2.71250000e-08 -3.73303757e+00 
 2.71750000e-08 -3.78863348e+00 
 2.72250000e-08 -3.84056615e+00 
 2.72750000e-08 -3.88856944e+00 
 2.73250000e-08 -3.93240898e+00 
 2.73750000e-08 -3.97187925e+00 
 2.74250000e-08 -4.00680136e+00 
 2.74750000e-08 -4.03702183e+00 
 2.75250000e-08 -4.06241219e+00 
 2.75750000e-08 -4.08286924e+00 
 2.76250000e-08 -4.09831540e+00 
 2.76750000e-08 -4.10869872e+00 
 2.77250000e-08 -4.11399199e+00 
 2.77750000e-08 -4.11419076e+00 
 2.78250000e-08 -4.10931025e+00 
 2.78750000e-08 -4.09938127e+00 
 2.79250000e-08 -4.08444579e+00 
 2.79750000e-08 -4.06455269e+00 
 2.80250000e-08 -4.03975459e+00 
 2.80750000e-08 -4.01010641e+00 
 2.81250000e-08 -3.97566618e+00 
 2.81750000e-08 -3.93649865e+00 
 2.82250000e-08 -3.89268132e+00 
 2.82750000e-08 -3.84431280e+00 
 2.83250000e-08 -3.79152254e+00 
 2.83750000e-08 -3.73448089e+00 
 2.84250000e-08 -3.67340832e+00 
 2.84750000e-08 -3.60858222e+00 
 2.85250000e-08 -3.54034034e+00 
 2.85750000e-08 -3.46907972e+00 
 2.86250000e-08 -3.39525048e+00 
 2.86750000e-08 -3.31934447e+00 
 2.87250000e-08 -3.24187911e+00 
 2.87750000e-08 -3.16337739e+00 
 2.88250000e-08 -3.08434546e+00 
 2.88750000e-08 -3.00524945e+00 
 2.89250000e-08 -2.92649356e+00 
 2.89750000e-08 -2.84840139e+00 
 2.90250000e-08 -2.77120209e+00 
 2.90750000e-08 -2.69502295e+00 
 2.91250000e-08 -2.61988918e+00 
 2.91750000e-08 -2.54573110e+00 
 2.92250000e-08 -2.47239857e+00 
 2.92750000e-08 -2.39968123e+00 
 2.93250000e-08 -2.32733333e+00 
 2.93750000e-08 -2.25510064e+00 
 2.94250000e-08 -2.18274750e+00 
 2.94750000e-08 -2.11008121e+00 
 2.95250000e-08 -2.03697179e+00 
 2.95750000e-08 -1.96336508e+00 
 2.96250000e-08 -1.88928799e+00 
 2.96750000e-08 -1.81484511e+00 
 2.97250000e-08 -1.74020700e+00 
 2.97750000e-08 -1.66559108e+00 
 2.98250000e-08 -1.59123671e+00 
 2.98750000e-08 -1.51737681e+00 
 2.99250000e-08 -1.44420861e+00 
 2.99750000e-08 -1.37186634e+00 
 3.00250000e-08 -1.30039869e+00 
 3.00750000e-08 -1.22975314e+00 
 3.01250000e-08 -1.15976919e+00 
 3.01750000e-08 -1.09018130e+00 
 3.02250000e-08 -1.02063168e+00 
 3.02750000e-08 -9.50692103e-01 
 3.03250000e-08 -8.79893104e-01 
 3.03750000e-08 -8.07757996e-01 
 3.04250000e-08 -7.33838910e-01 
 3.04750000e-08 -6.57751580e-01 
 3.05250000e-08 -5.79205783e-01 
 3.05750000e-08 -4.98028664e-01 
 3.06250000e-08 -4.14178795e-01 
 3.06750000e-08 -3.27749720e-01 
 3.07250000e-08 -2.38962661e-01 
 3.07750000e-08 -1.48149141e-01 
 3.08250000e-08 -5.57252214e-02 
 3.08750000e-08  3.78401559e-02 
 3.09250000e-08  1.32059656e-01 
 3.09750000e-08  2.26461571e-01 
 3.10250000e-08  3.20620140e-01 
 3.10750000e-08  4.14179380e-01 
 3.11250000e-08  5.06868290e-01 
 3.11750000e-08  5.98506246e-01 
 3.12250000e-08  6.88998398e-01 
 3.12750000e-08  7.78321931e-01 
 3.13250000e-08  8.66504993e-01 
 3.13750000e-08  9.53600797e-01 
 3.14250000e-08  1.03965990e+00 
 3.14750000e-08  1.12470374e+00 
 3.15250000e-08  1.20870235e+00 
 3.15750000e-08  1.29155862e+00 
 3.16250000e-08  1.37310075e+00 
 3.16750000e-08  1.45308349e+00 
 3.17250000e-08  1.53119810e+00 
 3.17750000e-08  1.60708948e+00 
 3.18250000e-08  1.68037889e+00 
 3.18750000e-08  1.75068945e+00 
 3.19250000e-08  1.81767186e+00 
 3.19750000e-08  1.88102763e+00 
 3.20250000e-08  1.94052766e+00 
 3.20750000e-08  1.99602433e+00 
 3.21250000e-08  2.04745642e+00 
 3.21750000e-08  2.09484671e+00 
 3.22250000e-08  2.13829305e+00 
 3.22750000e-08  2.17795432e+00 
 3.23250000e-08  2.21403323e+00 
 3.23750000e-08  2.24675797e+00 
 3.24250000e-08  2.27636487e+00 
 3.24750000e-08  2.30308370e+00 
 3.25250000e-08  2.32712694e+00 
 3.25750000e-08  2.34868358e+00 
 3.26250000e-08  2.36791748e+00 
 3.26750000e-08  2.38496955e+00 
 3.27250000e-08  2.39996277e+00 
 3.27750000e-08  2.41300856e+00 
 3.28250000e-08  2.42421309e+00 
 3.28750000e-08  2.43368225e+00 
 3.29250000e-08  2.44152436e+00 
 3.29750000e-08  2.44785010e+00 
 3.30250000e-08  2.45276978e+00 
 3.30750000e-08  2.45638853e+00 
 3.31250000e-08  2.45880043e+00 
 3.31750000e-08  2.46008267e+00 
 3.32250000e-08  2.46029119e+00 
 3.32750000e-08  2.45945875e+00 
 3.33250000e-08  2.45759625e+00 
 3.33750000e-08  2.45469739e+00 
 3.34250000e-08  2.45074652e+00 
 3.34750000e-08  2.44572862e+00 
 3.35250000e-08  2.43964016e+00 
 3.35750000e-08  2.43249923e+00 
 3.36250000e-08  2.42435317e+00 
 3.36750000e-08  2.41528230e+00 
 3.37250000e-08  2.40539868e+00 
 3.37750000e-08  2.39483928e+00 
 3.38250000e-08  2.38375390e+00 
 3.38750000e-08  2.37228878e+00 
 3.39250000e-08  2.36056742e+00 
 3.39750000e-08  2.34867077e+00 
 3.40250000e-08  2.33661919e+00 
 3.40750000e-08  2.32435840e+00 
 3.41250000e-08  2.31175155e+00 
 3.41750000e-08  2.29857888e+00 
 3.42250000e-08  2.28454549e+00 
 3.42750000e-08  2.26929721e+00 
 3.43250000e-08  2.25244322e+00 
 3.43750000e-08  2.23358364e+00 
 3.44250000e-08  2.21233939e+00 
 3.44750000e-08  2.18838143e+00 
 3.45250000e-08  2.16145644e+00 
 3.45750000e-08  2.13140621e+00 
 3.46250000e-08  2.09817882e+00 
 3.46750000e-08  2.06183022e+00 
 3.47250000e-08  2.02251609e+00 
 3.47750000e-08  1.98047488e+00 
 3.48250000e-08  1.93600349e+00 
 3.48750000e-08  1.88942845e+00 
 3.49250000e-08  1.84107530e+00 
 3.49750000e-08  1.79123954e+00 
 3.50250000e-08  1.74016202e+00 
 3.50750000e-08  1.68801132e+00 
 3.51250000e-08  1.63487480e+00 
 3.51750000e-08  1.58075913e+00 
 3.52250000e-08  1.52560013e+00 
 3.52750000e-08  1.46928058e+00 
 3.53250000e-08  1.41165414e+00 
 3.53750000e-08  1.35257258e+00 
 3.54250000e-08  1.29191356e+00 
 3.54750000e-08  1.22960583e+00 
 3.55250000e-08  1.16564946e+00 
 3.55750000e-08  1.10012876e+00 
 3.56250000e-08  1.03321699e+00 
 3.56750000e-08  9.65172202e-01 
 3.57250000e-08  8.96324860e-01 
 3.57750000e-08  8.27058602e-01 
 3.58250000e-08  7.57786074e-01 
 3.58750000e-08  6.88922303e-01 
 3.59250000e-08  6.20858155e-01 
 3.59750000e-08  5.53936374e-01 
 3.60250000e-08  4.88432320e-01 
 3.60750000e-08  4.24540999e-01 
 3.61250000e-08  3.62371292e-01 
 3.61750000e-08  3.01947570e-01 
 3.62250000e-08  2.43218154e-01 
 3.62750000e-08  1.86069496e-01 
 3.63250000e-08  1.30344430e-01 
 3.63750000e-08  7.58626114e-02 
 3.64250000e-08  2.24411149e-02 
 3.64750000e-08 -3.00866707e-02 
 3.65250000e-08 -8.18554832e-02 
 3.65750000e-08 -1.32957149e-01 
 3.66250000e-08 -1.83434764e-01 
 3.66750000e-08 -2.33282267e-01 
 3.67250000e-08 -2.82449049e-01 
 3.67750000e-08 -3.30848838e-01 
 3.68250000e-08 -3.78371720e-01 
 3.68750000e-08 -4.24897984e-01 
 3.69250000e-08 -4.70312382e-01 
 3.69750000e-08 -5.14517464e-01 
 3.70250000e-08 -5.57444833e-01 
 3.70750000e-08 -5.99063400e-01 
 3.71250000e-08 -6.39384101e-01 
 3.71750000e-08 -6.78460833e-01 
 3.72250000e-08 -7.16387746e-01 
 3.72750000e-08 -7.53293339e-01 
 3.73250000e-08 -7.89332019e-01 
 3.73750000e-08 -8.24673987e-01 
 3.74250000e-08 -8.59494360e-01 
 3.74750000e-08 -8.93962446e-01 
 3.75250000e-08 -9.28231981e-01 
 3.75750000e-08 -9.62432993e-01 
 3.76250000e-08 -9.96665734e-01 
 3.76750000e-08 -1.03099692e+00 
 3.77250000e-08 -1.06545826e+00 
 3.77750000e-08 -1.10004708e+00 
 3.78250000e-08 -1.13472866e+00 
 3.78750000e-08 -1.16943983e+00 
 3.79250000e-08 -1.20409332e+00 
 3.79750000e-08 -1.23858233e+00 
 3.80250000e-08 -1.27278496e+00 
 3.80750000e-08 -1.30656823e+00 
 3.81250000e-08 -1.33979146e+00 
 3.81750000e-08 -1.37230913e+00 
 3.82250000e-08 -1.40397323e+00 
 3.82750000e-08 -1.43463548e+00 
 3.83250000e-08 -1.46414949e+00 
 3.83750000e-08 -1.49237326e+00 
 3.84250000e-08 -1.51917210e+00 
 3.84750000e-08 -1.54442202e+00 
 3.85250000e-08 -1.56801341e+00 
 3.85750000e-08 -1.58985490e+00 
 3.86250000e-08 -1.60987676e+00 
 3.86750000e-08 -1.62803361e+00 
 3.87250000e-08 -1.64430568e+00 
 3.87750000e-08 -1.65869837e+00 
 3.88250000e-08 -1.67123964e+00 
 3.88750000e-08 -1.68197538e+00 
 3.89250000e-08 -1.69096261e+00 
 3.89750000e-08 -1.69826135e+00 
 3.90250000e-08 -1.70392556e+00 
 3.90750000e-08 -1.70799431e+00 
 3.91250000e-08 -1.71048414e+00 
 3.91750000e-08 -1.71138362e+00 
 3.92250000e-08 -1.71065110e+00 
 3.92750000e-08 -1.70821621e+00 
 3.93250000e-08 -1.70398541e+00 
 3.93750000e-08 -1.69785135e+00 
 3.94250000e-08 -1.68970541e+00 
 3.94750000e-08 -1.67945231e+00 
 3.95250000e-08 -1.66702530e+00 
 3.95750000e-08 -1.65240034e+00 
 3.96250000e-08 -1.63560752e+00 
 3.96750000e-08 -1.61673825e+00 
 3.97250000e-08 -1.59594703e+00 
 3.97750000e-08 -1.57344714e+00 
 3.98250000e-08 -1.54950042e+00 
 3.98750000e-08 -1.52440145e+00 
 3.99250000e-08 -1.49845785e+00 
 3.99750000e-08 -1.47196823e+00 
 4.00250000e-08 -1.44520005e+00 
 4.00750000e-08 -1.41836979e+00 
 4.01250000e-08 -1.39162746e+00 
 4.01750000e-08 -1.36504724e+00 
 4.02250000e-08 -1.33862556e+00 
 4.02750000e-08 -1.31228684e+00 
 4.03250000e-08 -1.28589660e+00 
 4.03750000e-08 -1.25928068e+00 
 4.04250000e-08 -1.23224855e+00 
 4.04750000e-08 -1.20461845e+00 
 4.05250000e-08 -1.17624145e+00 
 4.05750000e-08 -1.14702194e+00 
 4.06250000e-08 -1.11693230e+00 
 4.06750000e-08 -1.08601989e+00 
 4.07250000e-08 -1.05440569e+00 
 4.07750000e-08 -1.02227458e+00 
 4.08250000e-08 -9.89858144e-01 
 4.08750000e-08 -9.57411985e-01 
 4.09250000e-08 -9.25189775e-01 
 4.09750000e-08 -8.93416981e-01 
 4.10250000e-08 -8.62267034e-01 
 4.10750000e-08 -8.31842527e-01 
 4.11250000e-08 -8.02163470e-01 
 4.11750000e-08 -7.73163827e-01 
 4.12250000e-08 -7.44696681e-01 
 4.12750000e-08 -7.16547424e-01 
 4.13250000e-08 -6.88453482e-01 
 4.13750000e-08 -6.60128448e-01 
 4.14250000e-08 -6.31288022e-01 
 4.14750000e-08 -6.01675038e-01 
 4.15250000e-08 -5.71081032e-01 
 4.15750000e-08 -5.39362247e-01 
 4.16250000e-08 -5.06448656e-01 
 4.16750000e-08 -4.72345386e-01 
 4.17250000e-08 -4.37126808e-01 
 4.17750000e-08 -4.00924310e-01 
 4.18250000e-08 -3.63909477e-01 
 4.18750000e-08 -3.26274751e-01 
 4.19250000e-08 -2.88213891e-01 
 4.19625000e-08 -2.59492584e-01 
 4.20000000e-08 -2.30697930e-01 
 4.20050000e-08 -2.26855514e-01 
 4.20150000e-08 -2.19170472e-01 
 4.20350000e-08 -2.03801320e-01 
 4.20750000e-08 -1.73084457e-01 
 4.21250000e-08 -1.34759231e-01 
 4.21750000e-08 -9.65325791e-02 
 4.22250000e-08 -5.83979598e-02 
 4.22750000e-08 -2.03268425e-02 
 4.23250000e-08  1.77189196e-02 
 4.23750000e-08  5.57746064e-02 
 4.24250000e-08  9.38616363e-02 
 4.24750000e-08  1.31979356e-01 
 4.25250000e-08  1.70100456e-01 
 4.25750000e-08  2.08170327e-01 
 4.26250000e-08  2.46110157e-01 
 4.26750000e-08  2.83823105e-01 
 4.27250000e-08  3.21202567e-01 
 4.27750000e-08  3.58141398e-01 
 4.28250000e-08  3.94540972e-01 
 4.28750000e-08  4.30319164e-01 
 4.29250000e-08  4.65416628e-01 
 4.29750000e-08  4.99801177e-01 
 4.30250000e-08  5.33470431e-01 
 4.30750000e-08  5.66453251e-01 
 4.31250000e-08  5.98810692e-01 
 4.31750000e-08  6.30637282e-01 
 4.32250000e-08  6.62063299e-01 
 4.32750000e-08  6.93258498e-01 
 4.33250000e-08  7.24437308e-01 
 4.33750000e-08  7.55865101e-01 
 4.34250000e-08  7.87864682e-01 
 4.34625000e-08  8.12456361e-01 
 4.35000000e-08  8.37769667e-01 
 4.35050000e-08  8.41216442e-01 
 4.35150000e-08  8.48144991e-01 
 4.35350000e-08  8.62225153e-01 
 4.35750000e-08  8.91414204e-01 
 4.36250000e-08  9.30207276e-01 
 4.36750000e-08  9.72129672e-01 
 4.37250000e-08  1.01783533e+00 
 4.37750000e-08  1.06798381e+00 
 4.38250000e-08  1.12321201e+00 
 4.38750000e-08  1.18410345e+00 
 4.39250000e-08  1.25115724e+00 
 4.39750000e-08  1.32475989e+00 
 4.40250000e-08  1.40516227e+00 
 4.40750000e-08  1.49246447e+00 
 4.41250000e-08  1.58661024e+00 
 4.41750000e-08  1.68739213e+00 
 4.42250000e-08  1.79446715e+00 
 4.42750000e-08  1.90738213e+00 
 4.43250000e-08  2.02560637e+00 
 4.43750000e-08  2.14856906e+00 
 4.44250000e-08  2.27569750e+00 
 4.44750000e-08  2.40645285e+00 
 4.45250000e-08  2.54035956e+00 
 4.45750000e-08  2.67702554e+00 
 4.46250000e-08  2.81615108e+00 
 4.46750000e-08  2.95752535e+00 
 4.47250000e-08  3.10101089e+00 
 4.47750000e-08  3.24651763e+00 
 4.48250000e-08  3.39396919e+00 
 4.48750000e-08  3.54326507e+00 
 4.49250000e-08  3.69424293e+00 
 4.49750000e-08  3.84664517e+00 
 4.50250000e-08  4.00009385e+00 
 4.50750000e-08  4.15407705e+00 
 4.51250000e-08  4.30794891e+00 
 4.51750000e-08  4.46094388e+00 
 4.52250000e-08  4.61220473e+00 
 4.52750000e-08  4.76082207e+00 
 4.53250000e-08  4.90588215e+00 
 4.53750000e-08  5.04651864e+00 
 4.54250000e-08  5.18196389e+00 
 4.54750000e-08  5.31159473e+00 
 4.55250000e-08  5.43496871e+00 
 4.55750000e-08  5.55184734e+00 
 4.56250000e-08  5.66220412e+00 
 4.56750000e-08  5.76621673e+00 
 4.57250000e-08  5.86424399e+00 
 4.57750000e-08  5.95678987e+00 
 4.58250000e-08  6.04445795e+00 
 4.58750000e-08  6.12790056e+00 
 4.59250000e-08  6.20776720e+00 
 4.59750000e-08  6.28465709e+00 
 4.60250000e-08  6.35907982e+00 
 4.60750000e-08  6.43142759e+00 
 4.61250000e-08  6.50196095e+00 
 4.61750000e-08  6.57080892e+00 
 4.62250000e-08  6.63798276e+00 
 4.62750000e-08  6.70340131e+00 
 4.63250000e-08  6.76692502e+00 
 4.63750000e-08  6.82839464e+00 
 4.64250000e-08  6.88767051e+00 
 4.64750000e-08  6.94466845e+00 
 4.65250000e-08  6.99938845e+00 
 4.65750000e-08  7.05193360e+00 
 4.66250000e-08  7.10251749e+00 
 4.66750000e-08  7.15145955e+00 
 4.67250000e-08  7.19916919e+00 
 4.67750000e-08  7.24612042e+00 
 4.68250000e-08  7.29281975e+00 
 4.68750000e-08  7.33977051e+00 
 4.69250000e-08  7.38743710e+00 
 4.69750000e-08  7.43621236e+00 
 4.70250000e-08  7.48639095e+00 
 4.70750000e-08  7.53815083e+00 
 4.71250000e-08  7.59154385e+00 
 4.71750000e-08  7.64649584e+00 
 4.72250000e-08  7.70281539e+00 
 4.72750000e-08  7.76020983e+00 
 4.73250000e-08  7.81830636e+00 
 4.73750000e-08  7.87667589e+00 
 4.74250000e-08  7.93485734e+00 
 4.74750000e-08  7.99238000e+00 
 4.75250000e-08  8.04878241e+00 
 4.75750000e-08  8.10362655e+00 
 4.76250000e-08  8.15650689e+00 
 4.76750000e-08  8.20705447e+00 
 4.77250000e-08  8.25493675e+00 
 4.77750000e-08  8.29985441e+00 
 4.78250000e-08  8.34153643e+00 
 4.78750000e-08  8.37973473e+00 
 4.79250000e-08  8.41421971e+00 
 4.79750000e-08  8.44477737e+00 
 4.80250000e-08  8.47120858e+00 
 4.80750000e-08  8.49333031e+00 
 4.81250000e-08  8.51097859e+00 
 4.81750000e-08  8.52401224e+00 
 4.82250000e-08  8.53231671e+00 
 4.82750000e-08  8.53580690e+00 
 4.83250000e-08  8.53442839e+00 
 4.83750000e-08  8.52815657e+00 
 4.84250000e-08  8.51699369e+00 
 4.84750000e-08  8.50096399e+00 
 4.85250000e-08  8.48010803e+00 
 4.85750000e-08  8.45447678e+00 
 4.86250000e-08  8.42412701e+00 
 4.86750000e-08  8.38911877e+00 
 4.87250000e-08  8.34951612e+00 
 4.87750000e-08  8.30539128e+00 
 4.88250000e-08  8.25683249e+00 
 4.88750000e-08  8.20395464e+00 
 4.89250000e-08  8.14691199e+00 
 4.89750000e-08  8.08591091e+00 
 4.90250000e-08  8.02122130e+00 
 4.90750000e-08  7.95318440e+00 
 4.91250000e-08  7.88221556e+00 
 4.91750000e-08  7.80880056e+00 
 4.92250000e-08  7.73348477e+00 
 4.92750000e-08  7.65685540e+00 
 4.93250000e-08  7.57951760e+00 
 4.93750000e-08  7.50206620e+00 
 4.94250000e-08  7.42505539e+00 
 4.94750000e-08  7.34896908e+00 
 4.95250000e-08  7.27419486e+00 
 4.95750000e-08  7.20100430e+00 
 4.96250000e-08  7.12954182e+00 
 4.96750000e-08  7.05982361e+00 
 4.97250000e-08  6.99174712e+00 
 4.97750000e-08  6.92511056e+00 
 4.98250000e-08  6.85964089e+00 
 4.98750000e-08  6.79502764e+00 
 4.99250000e-08  6.73095943e+00 
 4.99750000e-08  6.66715966e+00 
 5.00250000e-08  6.60341750e+00 
 5.00750000e-08  6.53961134e+00 
 5.01250000e-08  6.47572182e+00 
 5.01750000e-08  6.41183322e+00 
 5.02250000e-08  6.34812279e+00 
 5.02750000e-08  6.28483895e+00 
 5.03250000e-08  6.22227059e+00 
 5.03750000e-08  6.16071041e+00 
 5.04250000e-08  6.10041615e+00 
 5.04750000e-08  6.04157374e+00 
 5.05250000e-08  5.98426613e+00 
 5.05750000e-08  5.92845136e+00 
 5.06250000e-08  5.87395212e+00 
 5.06750000e-08  5.82045816e+00 
 5.07250000e-08  5.76754163e+00 
 5.07750000e-08  5.71468388e+00 
 5.08250000e-08  5.66131149e+00 
 5.08750000e-08  5.60683789e+00 
 5.09250000e-08  5.55070686e+00 
 5.09750000e-08  5.49243376e+00 
 5.10250000e-08  5.43164056e+00 
 5.10750000e-08  5.36808168e+00 
 5.11250000e-08  5.30165827e+00 
 5.11750000e-08  5.23242000e+00 
 5.12250000e-08  5.16055449e+00 
 5.12750000e-08  5.08636587e+00 
 5.13250000e-08  5.01024495e+00 
 5.13750000e-08  4.93263404e+00 
 5.14250000e-08  4.85399033e+00 
 5.14750000e-08  4.77475115e+00 
 5.15250000e-08  4.69530465e+00 
 5.15750000e-08  4.61596832e+00 
 5.16250000e-08  4.53697716e+00 
 5.16750000e-08  4.45848197e+00 
 5.17250000e-08  4.38055751e+00 
 5.17750000e-08  4.30321878e+00 
 5.18250000e-08  4.22644338e+00 
 5.18750000e-08  4.15019713e+00 
 5.19250000e-08  4.07445986e+00 
 5.19750000e-08  3.99924866e+00 
 5.20250000e-08  3.92463609e+00 
 5.20750000e-08  3.85076148e+00 
 5.21250000e-08  3.77783455e+00 
 5.21750000e-08  3.70613110e+00 
 5.22250000e-08  3.63598156e+00 
 5.22750000e-08  3.56775396e+00 
 5.23250000e-08  3.50183308e+00 
 5.23750000e-08  3.43859826e+00 
 5.24250000e-08  3.37840192e+00 
 5.24750000e-08  3.32155080e+00 
 5.25250000e-08  3.26829167e+00 
 5.25750000e-08  3.21880222e+00 
 5.26250000e-08  3.17318762e+00 
 5.26750000e-08  3.13148254e+00 
 5.27250000e-08  3.09365750e+00 
 5.27750000e-08  3.05962871e+00 
 5.28250000e-08  3.02926960e+00 
 5.28750000e-08  3.00242286e+00 
 5.29250000e-08  2.97891153e+00 
 5.29750000e-08  2.95854814e+00 
 5.30250000e-08  2.94114151e+00 
 5.30750000e-08  2.92650075e+00 
 5.31250000e-08  2.91443710e+00 
 5.31750000e-08  2.90476390e+00 
 5.32250000e-08  2.89729568e+00 
 5.32750000e-08  2.89184728e+00 
 5.33250000e-08  2.88823361e+00 
 5.33750000e-08  2.88627086e+00 
 5.34250000e-08  2.88577925e+00 
 5.34750000e-08  2.88658729e+00 
 5.35250000e-08  2.88853714e+00 
 5.35750000e-08  2.89149026e+00 
 5.36250000e-08  2.89533254e+00 
 5.36750000e-08  2.89997785e+00 
 5.37250000e-08  2.90536933e+00 
 5.37750000e-08  2.91147765e+00 
 5.38250000e-08  2.91829621e+00 
 5.38750000e-08  2.92583336e+00 
 5.39250000e-08  2.93410240e+00 
 5.39750000e-08  2.94311033e+00 
 5.40250000e-08  2.95284673e+00 
 5.40750000e-08  2.96327420e+00 
 5.41250000e-08  2.97432187e+00 
 5.41750000e-08  2.98588309e+00 
 5.42250000e-08  2.99781803e+00 
 5.42750000e-08  3.00996171e+00 
 5.43250000e-08  3.02213675e+00 
 5.43750000e-08  3.03417024e+00 
 5.44250000e-08  3.04591296e+00 
 5.44750000e-08  3.05725926e+00 
 5.45250000e-08  3.06816529e+00 
 5.45750000e-08  3.07866363e+00 
 5.46250000e-08  3.08887234e+00 
 5.46750000e-08  3.09899707e+00 
 5.47250000e-08  3.10932544e+00 
 5.47750000e-08  3.12021375e+00 
 5.48250000e-08  3.13206671e+00 
 5.48750000e-08  3.14531186e+00 
 5.49250000e-08  3.16037078e+00 
 5.49750000e-08  3.17762965e+00 
 5.50250000e-08  3.19741200e+00 
 5.50750000e-08  3.21995619e+00 
 5.51250000e-08  3.24539984e+00 
 5.51750000e-08  3.27377295e+00 
 5.52250000e-08  3.30500021e+00 
 5.52750000e-08  3.33891263e+00 
 5.53250000e-08  3.37526722e+00 
 5.53750000e-08  3.41377284e+00 
 5.54250000e-08  3.45411983e+00 
 5.54750000e-08  3.49601017e+00 
 5.55250000e-08  3.53918542e+00 
 5.55750000e-08  3.58344941e+00 
 5.56250000e-08  3.62868350e+00 
 5.56750000e-08  3.67485276e+00 
 5.57250000e-08  3.72200245e+00 
 5.57750000e-08  3.77024530e+00 
 5.58250000e-08  3.81974070e+00 
 5.58750000e-08  3.87066818e+00 
 5.59250000e-08  3.92319780e+00 
 5.59750000e-08  3.97746064e+00 
 5.60250000e-08  4.03352248e+00 
 5.60750000e-08  4.09136331e+00 
 5.61250000e-08  4.15086514e+00 
 5.61750000e-08  4.21180907e+00 
 5.62250000e-08  4.27388227e+00 
 5.62750000e-08  4.33669413e+00 
 5.63250000e-08  4.39979994e+00 
 5.63750000e-08  4.46272993e+00 
 5.64250000e-08  4.52502060e+00 
 5.64750000e-08  4.58624551e+00 
 5.65250000e-08  4.64604239e+00 
 5.65750000e-08  4.70413417e+00 
 5.66250000e-08  4.76034184e+00 
 5.66750000e-08  4.81458844e+00 
 5.67250000e-08  4.86689374e+00 
 5.67750000e-08  4.91736071e+00 
 5.68250000e-08  4.96615535e+00 
 5.68750000e-08  5.01348206e+00 
 5.69250000e-08  5.05955746e+00 
 5.69750000e-08  5.10458507e+00 
 5.70250000e-08  5.14873366e+00 
 5.70750000e-08  5.19212105e+00 
 5.71250000e-08  5.23480495e+00 
 5.71750000e-08  5.27678120e+00 
 5.72250000e-08  5.31798939e+00 
 5.72750000e-08  5.35832467e+00 
 5.73250000e-08  5.39765410e+00 
 5.73750000e-08  5.43583575e+00 
 5.74250000e-08  5.47273798e+00 
 5.74750000e-08  5.50825705e+00 
 5.75250000e-08  5.54233111e+00 
 5.75750000e-08  5.57494927e+00 
 5.76250000e-08  5.60615507e+00 
 5.76750000e-08  5.63604435e+00 
 5.77250000e-08  5.66475810e+00 
 5.77750000e-08  5.69247130e+00 
 5.78250000e-08  5.71937953e+00 
 5.78750000e-08  5.74568458e+00 
 5.79250000e-08  5.77158103e+00 
 5.79750000e-08  5.79724488e+00 
 5.80250000e-08  5.82282537e+00 
 5.80750000e-08  5.84844033e+00 
 5.81250000e-08  5.87417520e+00 
 5.81750000e-08  5.90008506e+00 
 5.82250000e-08  5.92619891e+00 
 5.82750000e-08  5.95252511e+00 
 5.83250000e-08  5.97905675e+00 
 5.83750000e-08  6.00577611e+00 
 5.84250000e-08  6.03265722e+00 
 5.84750000e-08  6.05966630e+00 
 5.85250000e-08  6.08676001e+00 
 5.85750000e-08  6.11388204e+00 
 5.86250000e-08  6.14095868e+00 
 5.86750000e-08  6.16789454e+00 
 5.87250000e-08  6.19456937e+00 
 5.87750000e-08  6.22083698e+00 
 5.88250000e-08  6.24652702e+00 
 5.88750000e-08  6.27144993e+00 
 5.89250000e-08  6.29540498e+00 
 5.89750000e-08  6.31819079e+00 
 5.90250000e-08  6.33961739e+00 
 5.90750000e-08  6.35951848e+00 
 5.91250000e-08  6.37776248e+00 
 5.91750000e-08  6.39426092e+00 
 5.92250000e-08  6.40897300e+00 
 5.92750000e-08  6.42190550e+00 
 5.93250000e-08  6.43310771e+00 
 5.93750000e-08  6.44266172e+00 
 5.94250000e-08  6.45066894e+00 
 5.94750000e-08  6.45723408e+00 
 5.95250000e-08  6.46244861e+00 
 5.95750000e-08  6.46637521e+00 
 5.96250000e-08  6.46903553e+00 
 5.96750000e-08  6.47040247e+00 
 5.97250000e-08  6.47039833e+00 
 5.97750000e-08  6.46889937e+00 
 5.98250000e-08  6.46574639e+00 
 5.98750000e-08  6.46076076e+00 
 5.99250000e-08  6.45376402e+00 
 5.99750000e-08  6.44459943e+00 
 6.00250000e-08  6.43315282e+00 
 6.00750000e-08  6.41937078e+00 
 6.01250000e-08  6.40327378e+00 
 6.01750000e-08  6.38496297e+00 
 6.02250000e-08  6.36461938e+00 
 6.02750000e-08  6.34249550e+00 
 6.03250000e-08  6.31889984e+00 
 6.03750000e-08  6.29417582e+00 
 6.04250000e-08  6.26867701e+00 
 6.04750000e-08  6.24274113e+00 
 6.05250000e-08  6.21666540e+00 
 6.05750000e-08  6.19068569e+00 
 6.06250000e-08  6.16496163e+00 
 6.06750000e-08  6.13956914e+00 
 6.07250000e-08  6.11450108e+00 
 6.07750000e-08  6.08967604e+00 
 6.08250000e-08  6.06495424e+00 
 6.08750000e-08  6.04015891e+00 
 6.09250000e-08  6.01510084e+00 
 6.09750000e-08  5.98960370e+00 
 6.10250000e-08  5.96352740e+00 
 6.10750000e-08  5.93678701e+00 
 6.11250000e-08  5.90936556e+00 
 6.11750000e-08  5.88131919e+00 
 6.12250000e-08  5.85277432e+00 
 6.12750000e-08  5.82391715e+00 
 6.13250000e-08  5.79497663e+00 
 6.13750000e-08  5.76620272e+00 
 6.14250000e-08  5.73784219e+00 
 6.14625000e-08  5.71697240e+00 
 6.15000000e-08  5.69653770e+00 
 6.15050000e-08  5.69385325e+00 
 6.15150000e-08  5.68850239e+00 
 6.15350000e-08  5.67791084e+00 
 6.15750000e-08  5.65717886e+00 
 6.16250000e-08  5.63210619e+00 
 6.16750000e-08  5.60791337e+00 
 6.17250000e-08  5.58446988e+00 
 6.17750000e-08  5.56157982e+00 
 6.18250000e-08  5.53899865e+00 
 6.18750000e-08  5.51645388e+00 
 6.19250000e-08  5.49366752e+00 
 6.19750000e-08  5.47037828e+00 
 6.20250000e-08  5.44636121e+00 
 6.20750000e-08  5.42144304e+00 
 6.21250000e-08  5.39551194e+00 
 6.21750000e-08  5.36852103e+00 
 6.22250000e-08  5.34048539e+00 
 6.22750000e-08  5.31147326e+00 
 6.23250000e-08  5.28159243e+00 
 6.23750000e-08  5.25097310e+00 
 6.24250000e-08  5.21974901e+00 
 6.24750000e-08  5.18803840e+00 
 6.25250000e-08  5.15592619e+00 
 6.25750000e-08  5.12344884e+00 
 6.26250000e-08  5.09058262e+00 
 6.26750000e-08  5.05723575e+00 
 6.27250000e-08  5.02324459e+00 
 6.27750000e-08  4.98837367e+00 
 6.28250000e-08  4.95231899e+00 
 6.28750000e-08  4.91471410e+00 
 6.29250000e-08  4.87513840e+00 
 6.29625000e-08  4.84389882e+00 
 6.30000000e-08  4.81108177e+00 
 6.30050000e-08  4.80656145e+00 
 6.30150000e-08  4.79745495e+00 
 6.30350000e-08  4.77883404e+00 
 6.30750000e-08  4.73983341e+00 
 6.31250000e-08  4.68745205e+00 
 6.31750000e-08  4.63056871e+00 
 6.32250000e-08  4.56868349e+00 
 6.32750000e-08  4.50133282e+00 
 6.33250000e-08  4.42810539e+00 
 6.33750000e-08  4.34865788e+00 
 6.34250000e-08  4.26272994e+00 
 6.34750000e-08  4.17015720e+00 
 6.35250000e-08  4.07088137e+00 
 6.35750000e-08  3.96495624e+00 
 6.36250000e-08  3.85254858e+00 
 6.36750000e-08  3.73393316e+00 
 6.37250000e-08  3.60948176e+00 
 6.37750000e-08  3.47964626e+00 
 6.38250000e-08  3.34493674e+00 
 6.38750000e-08  3.20589611e+00 
 6.39250000e-08  3.06307309e+00 
 6.39750000e-08  2.91699597e+00 
 6.40250000e-08  2.76814955e+00 
 6.40750000e-08  2.61695759e+00 
 6.41250000e-08  2.46377272e+00 
 6.41750000e-08  2.30887508e+00 
 6.42250000e-08  2.15248018e+00 
 6.42750000e-08  1.99475539e+00 
 6.43250000e-08  1.83584380e+00 
 6.43750000e-08  1.67589279e+00 
 6.44250000e-08  1.51508460e+00 
 6.44750000e-08  1.35366514e+00 
 6.45250000e-08  1.19196786e+00 
 6.45750000e-08  1.03042924e+00 
 6.46250000e-08  8.69593638e-01 
 6.46750000e-08  7.10105915e-01 
 6.47250000e-08  5.52691652e-01 
 6.47750000e-08  3.98125956e-01 
 6.48250000e-08  2.47193200e-01 
 6.48750000e-08  1.00641074e-01 
 6.49250000e-08 -4.08669074e-02 
 6.49750000e-08 -1.76795932e-01 
 6.50250000e-08 -3.06777057e-01 
 6.50750000e-08 -4.30633162e-01 
 6.51250000e-08 -5.48390835e-01 
 6.51750000e-08 -6.60276632e-01 
 6.52250000e-08 -7.66697651e-01 
 6.52750000e-08 -8.68207906e-01 
 6.53250000e-08 -9.65463395e-01 
 6.53750000e-08 -1.05916991e+00 
 6.54250000e-08 -1.15002835e+00 
 6.54750000e-08 -1.23868264e+00 
 6.55250000e-08 -1.32567498e+00 
 6.55750000e-08 -1.41141253e+00 
 6.56250000e-08 -1.49614848e+00 
 6.56750000e-08 -1.57997890e+00 
 6.57250000e-08 -1.66285520e+00 
 6.57750000e-08 -1.74461071e+00 
 6.58250000e-08 -1.82499812e+00 
 6.58750000e-08 -1.90373376e+00 
 6.59250000e-08 -1.98054400e+00 
 6.59750000e-08 -2.05520904e+00 
 6.60250000e-08 -2.12759946e+00 
 6.60750000e-08 -2.19770213e+00 
 6.61250000e-08 -2.26563295e+00 
 6.61750000e-08 -2.33163536e+00 
 6.62250000e-08 -2.39606520e+00 
 6.62750000e-08 -2.45936360e+00 
 6.63250000e-08 -2.52202082e+00 
 6.63750000e-08 -2.58453500e+00 
 6.64250000e-08 -2.64736969e+00 
 6.64750000e-08 -2.71091440e+00 
 6.65250000e-08 -2.77545170e+00 
 6.65750000e-08 -2.84113363e+00 
 6.66250000e-08 -2.90796925e+00 
 6.66750000e-08 -2.97582376e+00 
 6.67250000e-08 -3.04442858e+00 
 6.67750000e-08 -3.11340080e+00 
 6.68250000e-08 -3.18226965e+00 
 6.68750000e-08 -3.25050680e+00 
 6.69250000e-08 -3.31755785e+00 
 6.69750000e-08 -3.38287175e+00 
 6.70250000e-08 -3.44592616e+00 
 6.70750000e-08 -3.50624668e+00 
 6.71250000e-08 -3.56341939e+00 
 6.71750000e-08 -3.61709633e+00 
 6.72250000e-08 -3.66699483e+00 
 6.72750000e-08 -3.71289166e+00 
 6.73250000e-08 -3.75461378e+00 
 6.73750000e-08 -3.79202737e+00 
 6.74250000e-08 -3.82502675e+00 
 6.74750000e-08 -3.85352457e+00 
 6.75250000e-08 -3.87744430e+00 
 6.75750000e-08 -3.89671542e+00 
 6.76250000e-08 -3.91127139e+00 
 6.76750000e-08 -3.92105001e+00 
 6.77250000e-08 -3.92599548e+00 
 6.77750000e-08 -3.92606145e+00 
 6.78250000e-08 -3.92121413e+00 
 6.78750000e-08 -3.91143503e+00 
 6.79250000e-08 -3.89672276e+00 
 6.79750000e-08 -3.87709385e+00 
 6.80250000e-08 -3.85258291e+00 
 6.80750000e-08 -3.82324236e+00 
 6.81250000e-08 -3.78914236e+00 
 6.81750000e-08 -3.75037164e+00 
 6.82250000e-08 -3.70703945e+00 
 6.82750000e-08 -3.65927904e+00 
 6.83250000e-08 -3.60725254e+00 
 6.83750000e-08 -3.55115677e+00 
 6.84250000e-08 -3.49122932e+00 
 6.84750000e-08 -3.42775384e+00 
 6.85250000e-08 -3.36106353e+00 
 6.85750000e-08 -3.29154164e+00 
 6.86250000e-08 -3.21961809e+00 
 6.86750000e-08 -3.14576175e+00 
 6.87250000e-08 -3.07046801e+00 
 6.87750000e-08 -2.99424230e+00 
 6.88250000e-08 -2.91758022e+00 
 6.88750000e-08 -2.84094591e+00 
 6.89250000e-08 -2.76475022e+00 
 6.89750000e-08 -2.68933078e+00 
 6.90250000e-08 -2.61493581e+00 
 6.90750000e-08 -2.54171355e+00 
 6.91250000e-08 -2.46970847e+00 
 6.91750000e-08 -2.39886513e+00 
 6.92250000e-08 -2.32903970e+00 
 6.92750000e-08 -2.26001841e+00 
 6.93250000e-08 -2.19154155e+00 
 6.93750000e-08 -2.12333104e+00 
 6.94250000e-08 -2.05511909e+00 
 6.94750000e-08 -1.98667542e+00 
 6.95250000e-08 -1.91783029e+00 
 6.95750000e-08 -1.84849127e+00 
 6.96250000e-08 -1.77865189e+00 
 6.96750000e-08 -1.70839125e+00 
 6.97250000e-08 -1.63786443e+00 
 6.97750000e-08 -1.56728443e+00 
 6.98250000e-08 -1.49689721e+00 
 6.98750000e-08 -1.42695223e+00 
 6.99250000e-08 -1.35767112e+00 
 6.99750000e-08 -1.28921760e+00 
 7.00250000e-08 -1.22167174e+00 
 7.00750000e-08 -1.15501092e+00 
 7.01250000e-08 -1.08909995e+00 
 7.01750000e-08 -1.02369125e+00 
 7.02250000e-08 -9.58435640e-01 
 7.02750000e-08 -8.92902975e-01 
 7.03250000e-08 -8.26611002e-01 
 7.03750000e-08 -7.59060099e-01 
 7.04250000e-08 -6.89770844e-01 
 7.04750000e-08 -6.18321133e-01 
 7.05250000e-08 -5.44379548e-01 
 7.05750000e-08 -4.67731988e-01 
 7.06250000e-08 -3.88299189e-01 
 7.06750000e-08 -3.06143561e-01 
 7.07250000e-08 -2.21464790e-01 
 7.07750000e-08 -1.34584669e-01 
 7.08250000e-08 -4.59226254e-02 
 7.08750000e-08  4.40357288e-02 
 7.09250000e-08  1.34774060e-01 
 7.09750000e-08  2.25781488e-01 
 7.10250000e-08  3.16586134e-01 
 7.10750000e-08  4.06783020e-01 
 7.11250000e-08  4.96053860e-01 
 7.11750000e-08  5.84177156e-01 
 7.12250000e-08  6.71027939e-01 
 7.12750000e-08  7.56567572e-01 
 7.13250000e-08  8.40824968e-01 
 7.13750000e-08  9.23871461e-01 
 7.14250000e-08  1.00579209e+00 
 7.14750000e-08  1.08665641e+00 
 7.15250000e-08  1.16649196e+00 
 7.15750000e-08  1.24526305e+00 
 7.16250000e-08  1.32285709e+00 
 7.16750000e-08  1.39907977e+00 
 7.17250000e-08  1.47365942e+00 
 7.17750000e-08  1.54626009e+00 
 7.18250000e-08  1.61650181e+00 
 7.18750000e-08  1.68398594e+00 
 7.19250000e-08  1.74832293e+00 
 7.19750000e-08  1.80915981e+00 
 7.20250000e-08  1.86620459e+00 
 7.20750000e-08  1.91924546e+00 
 7.21250000e-08  1.96816307e+00 
 7.21750000e-08  2.01293495e+00 
 7.22250000e-08  2.05363214e+00 
 7.22750000e-08  2.09040879e+00 
 7.23250000e-08  2.12348600e+00 
 7.23750000e-08  2.15313208e+00 
 7.24250000e-08  2.17964115e+00 
 7.24750000e-08  2.20331245e+00 
 7.25250000e-08  2.22443213e+00 
 7.25750000e-08  2.24325917e+00 
 7.26250000e-08  2.26001609e+00 
 7.26750000e-08  2.27488498e+00 
 7.27250000e-08  2.28800824e+00 
 7.27750000e-08  2.29949333e+00 
 7.28250000e-08  2.30942018e+00 
 7.28750000e-08  2.31784983e+00 
 7.29250000e-08  2.32483297e+00 
 7.29750000e-08  2.33041711e+00 
 7.30250000e-08  2.33465162e+00 
 7.30750000e-08  2.33759026e+00 
 7.31250000e-08  2.33929119e+00 
 7.31750000e-08  2.33981514e+00 
 7.32250000e-08  2.33922229e+00 
 7.32750000e-08  2.33756909e+00 
 7.33250000e-08  2.33490575e+00 
 7.33750000e-08  2.33127522e+00 
 7.34250000e-08  2.32671409e+00 
 7.34750000e-08  2.32125544e+00 
 7.35250000e-08  2.31493320e+00 
 7.35750000e-08  2.30778732e+00 
 7.36250000e-08  2.29986862e+00 
 7.36750000e-08  2.29124223e+00 
 7.37250000e-08  2.28198854e+00 
 7.37750000e-08  2.27220083e+00 
 7.38250000e-08  2.26197920e+00 
 7.38750000e-08  2.25142088e+00 
 7.39250000e-08  2.24060765e+00 
 7.39750000e-08  2.22959158e+00 
 7.40250000e-08  2.21838060e+00 
 7.40750000e-08  2.20692593e+00 
 7.41250000e-08  2.19511294e+00 
 7.41750000e-08  2.18275735e+00 
 7.42250000e-08  2.16960765e+00 
 7.42750000e-08  2.15535441e+00 
 7.43250000e-08  2.13964618e+00 
 7.43750000e-08  2.12211095e+00 
 7.44250000e-08  2.10238145e+00 
 7.44750000e-08  2.08012194e+00 
 7.45250000e-08  2.05505406e+00 
 7.45750000e-08  2.02697887e+00 
 7.46250000e-08  1.99579287e+00 
 7.46750000e-08  1.96149611e+00 
 7.47250000e-08  1.92419134e+00 
 7.47750000e-08  1.88407398e+00 
 7.48250000e-08  1.84141382e+00 
 7.48750000e-08  1.79653008e+00 
 7.49250000e-08  1.74976228e+00 
 7.49750000e-08  1.70143996e+00 
 7.50250000e-08  1.65185415e+00 
 7.50750000e-08  1.60123378e+00 
 7.51250000e-08  1.54972928e+00 
 7.51750000e-08  1.49740525e+00 
 7.52250000e-08  1.44424291e+00 
 7.52750000e-08  1.39015201e+00 
 7.53250000e-08  1.33499106e+00 
 7.53750000e-08  1.27859357e+00 
 7.54250000e-08  1.22079763e+00 
 7.54750000e-08  1.16147560e+00 
 7.55250000e-08  1.10056081e+00 
 7.55750000e-08  1.03806835e+00 
 7.56250000e-08  9.74107839e-01 
 7.56750000e-08  9.08886684e-01 
 7.57250000e-08  8.42703606e-01 
 7.57750000e-08  7.75932939e-01 
 7.58250000e-08  7.09001353e-01 
 7.58750000e-08  6.42359320e-01 
 7.59250000e-08  5.76450149e-01 
 7.59750000e-08  5.11679629e-01 
 7.60250000e-08  4.48389207e-01 
 7.60750000e-08  3.86835181e-01 
 7.61250000e-08  3.27175770e-01 
 7.61750000e-08  2.69467050e-01 
 7.62250000e-08  2.13667878e-01 
 7.62750000e-08  1.59652996e-01 
 7.63250000e-08  1.07232770e-01 
 7.63750000e-08  5.61773885e-02 
 7.64250000e-08  6.24303090e-03 
 7.64750000e-08 -4.28026016e-02 
 7.65250000e-08 -9.11577893e-02 
 7.65750000e-08 -1.38969337e-01 
 7.66250000e-08 -1.86321557e-01 
 7.66750000e-08 -2.33232386e-01 
 7.67250000e-08 -2.79656611e-01 
 7.67750000e-08 -3.25495445e-01 
 7.68250000e-08 -3.70611174e-01 
 7.68750000e-08 -4.14845106e-01 
 7.69250000e-08 -4.58036893e-01 
 7.69750000e-08 -5.00043255e-01 
 7.70250000e-08 -5.40754314e-01 
 7.70750000e-08 -5.80106107e-01 
 7.71250000e-08 -6.18088301e-01 
 7.71750000e-08 -6.54746656e-01 
 7.72250000e-08 -6.90180328e-01 
 7.72750000e-08 -7.24534568e-01 
 7.73250000e-08 -7.57989788e-01 
 7.73750000e-08 -7.90748190e-01 
 7.74250000e-08 -8.23019322e-01 
 7.74750000e-08 -8.55005869e-01 
 7.75250000e-08 -8.86890855e-01 
 7.75750000e-08 -9.18827179e-01 
 7.76250000e-08 -9.50930091e-01 
 7.76750000e-08 -9.83272885e-01 
 7.77250000e-08 -1.01588573e+00 
 7.77750000e-08 -1.04875728e+00 
 7.78250000e-08 -1.08183860e+00 
 7.78750000e-08 -1.11504850e+00 
 7.79250000e-08 -1.14827986e+00 
 7.79750000e-08 -1.18140599e+00 
 7.80250000e-08 -1.21428667e+00 
 7.80750000e-08 -1.24677341e+00 
 7.81250000e-08 -1.27871379e+00 
 7.81750000e-08 -1.30995483e+00 
 7.82250000e-08 -1.34034552e+00 
 7.82750000e-08 -1.36973892e+00 
 7.83250000e-08 -1.39799393e+00 
 7.83750000e-08 -1.42497712e+00 
 7.84250000e-08 -1.45056478e+00 
 7.84750000e-08 -1.47464535e+00 
 7.85250000e-08 -1.49712200e+00 
 7.85750000e-08 -1.51791532e+00 
 7.86250000e-08 -1.53696573e+00 
 7.86750000e-08 -1.55423514e+00 
 7.87250000e-08 -1.56970757e+00 
 7.87750000e-08 -1.58338826e+00 
 7.88250000e-08 -1.59530115e+00 
 7.88750000e-08 -1.60548458e+00 
 7.89250000e-08 -1.61398546e+00 
 7.89750000e-08 -1.62085225e+00 
 7.90250000e-08 -1.62612739e+00 
 7.90750000e-08 -1.62984000e+00 
 7.91250000e-08 -1.63199964e+00 
 7.91750000e-08 -1.63259195e+00 
 7.92250000e-08 -1.63157705e+00 
 7.92750000e-08 -1.62889101e+00 
 7.93250000e-08 -1.62445075e+00 
 7.93750000e-08 -1.61816220e+00 
 7.94250000e-08 -1.60993104e+00 
 7.94750000e-08 -1.59967535e+00 
 7.95250000e-08 -1.58733877e+00 
 7.95750000e-08 -1.57290300e+00 
 7.96250000e-08 -1.55639801e+00 
 7.96750000e-08 -1.53790888e+00 
 7.97250000e-08 -1.51757804e+00 
 7.97750000e-08 -1.49560238e+00 
 7.98250000e-08 -1.47222507e+00 
 7.98750000e-08 -1.44772251e+00 
 7.99250000e-08 -1.42238727e+00 
 7.99750000e-08 -1.39650868e+00 
 8.00250000e-08 -1.37035260e+00 
 8.00750000e-08 -1.34414259e+00 
 8.01250000e-08 -1.31804417e+00 
 8.01750000e-08 -1.29215412e+00 
 8.02250000e-08 -1.26649592e+00 
 8.02750000e-08 -1.24102209e+00 
 8.03250000e-08 -1.21562338e+00 
 8.03750000e-08 -1.19014411e+00 
 8.04250000e-08 -1.16440225e+00 
 8.04750000e-08 -1.13821225e+00 
 8.05250000e-08 -1.11140834e+00 
 8.05750000e-08 -1.08386590e+00 
 8.06250000e-08 -1.05551854e+00 
 8.06750000e-08 -1.02636915e+00 
 8.07250000e-08 -9.96493358e-01 
 8.07750000e-08 -9.66035224e-01 
 8.08250000e-08 -9.35195161e-01 
 8.08750000e-08 -9.04211404e-01 
 8.09250000e-08 -8.73336784e-01 
 8.09750000e-08 -8.42813206e-01 
 8.10250000e-08 -8.12846458e-01 
 8.10750000e-08 -7.83584017e-01 
 8.11250000e-08 -7.55098191e-01 
 8.11750000e-08 -7.27376420e-01 
 8.12250000e-08 -7.00319801e-01 
 8.12750000e-08 -6.73750053e-01 
 8.13250000e-08 -6.47424244e-01 
 8.13750000e-08 -6.21055782e-01 
 8.14250000e-08 -5.94339545e-01 
 8.14750000e-08 -5.66978596e-01 
 8.15250000e-08 -5.38709777e-01 
 8.15750000e-08 -5.09325663e-01 
 8.16250000e-08 -4.78690755e-01 
 8.16750000e-08 -4.46750452e-01 
 8.17250000e-08 -4.13532117e-01 
 8.17750000e-08 -3.79138441e-01 
 8.18250000e-08 -3.43734060e-01 
 8.18750000e-08 -3.07527113e-01 
 8.19250000e-08 -2.70747875e-01 
 8.19625000e-08 -2.42921510e-01 
 8.20000000e-08 -2.14995584e-01 
 8.20050000e-08 -2.11268293e-01 
 8.20150000e-08 -2.03813853e-01 
 8.20350000e-08 -1.88909634e-01 
 8.20750000e-08 -1.59152949e-01 
 8.21250000e-08 -1.22120832e-01 
 8.21750000e-08 -8.53323657e-02 
 8.22250000e-08 -4.88106615e-02 
 8.22750000e-08 -1.25352385e-02 
 8.23250000e-08  2.35463814e-02 
 8.23750000e-08  5.95042492e-02 
 8.24250000e-08  9.54105978e-02 
 8.24750000e-08  1.31325343e-01 
 8.25250000e-08  1.67284113e-01 
 8.25750000e-08  2.03290058e-01 
 8.26250000e-08  2.39310156e-01 
 8.26750000e-08  2.75276205e-01 
 8.27250000e-08  3.11090114e-01 
 8.27750000e-08  3.46632708e-01 
 8.28250000e-08  3.81774910e-01 
 8.28750000e-08  4.16390087e-01 
 8.29250000e-08  4.50366328e-01 
 8.29750000e-08  4.83617675e-01 
 8.30250000e-08  5.16093585e-01 
 8.30750000e-08  5.47786279e-01 
 8.31250000e-08  5.78735996e-01 
 8.31750000e-08  6.09034437e-01 
 8.32250000e-08  6.38826874e-01 
 8.32750000e-08  6.68313441e-01 
 8.33250000e-08  6.97750018e-01 
 8.33750000e-08  7.27448927e-01 
 8.34250000e-08  7.57779323e-01 
 8.34625000e-08  7.81182005e-01 
 8.35000000e-08  8.05376126e-01 
 8.35050000e-08  8.08680127e-01 
 8.35150000e-08  8.15326007e-01 
 8.35350000e-08  8.28858325e-01 
 8.35750000e-08  8.57022094e-01 
 8.36250000e-08  8.94660947e-01 
 8.36750000e-08  9.35555380e-01 
 8.37250000e-08  9.80332215e-01 
 8.37750000e-08  1.02961662e+00 
 8.38250000e-08  1.08400896e+00 
 8.38750000e-08  1.14405929e+00 
 8.39250000e-08  1.21024103e+00 
 8.39750000e-08  1.28292611e+00 
 8.40250000e-08  1.36236386e+00 
 8.40750000e-08  1.44866578e+00 
 8.41250000e-08  1.54179824e+00 
 8.41750000e-08  1.64158422e+00 
 8.42250000e-08  1.74771475e+00 
 8.42750000e-08  1.85976941e+00 
 8.43250000e-08  1.97724467e+00 
 8.43750000e-08  2.09958743e+00 
 8.44250000e-08  2.22623107e+00 
 8.44750000e-08  2.35663038e+00 
 8.45250000e-08  2.49029193e+00 
 8.45750000e-08  2.62679673e+00 
 8.46250000e-08  2.76581277e+00 
 8.46750000e-08  2.90709578e+00 
 8.47250000e-08  3.05047814e+00 
 8.47750000e-08  3.19584680e+00 
 8.48250000e-08  3.34311248e+00 
 8.48750000e-08  3.49217343e+00 
 8.49250000e-08  3.64287775e+00 
 8.49625000e-08  3.75685634e+00 
 8.50000000e-08  3.87149325e+00 
